14.846230176683374 6.05434964821594 1
18.554899511556133 19.738353922862643 -1
17.175902398751468 9.283720903387243 -1
12.076737162124683 17.03601680557349 -1
2.7146850486425222 16.221552950980875 -1
19.389540651350018 13.45099625412795 -1
2.4411040461545475 10.400073708928478 -1
6.233848405821652 1.0863343364050793 -1
19.19319203327389 1.8312597260116514 -1
8.13018444139312 0.8948905910114835 -1
5.923824311681702 16.804114700970704 -1
12.140667619029959 16.89653855541926 -1
4.692257958779418 14.830458800219144 -1
16.43510112354789 16.756419851704973 -1
9.29109480680276 19.3363807873995 -1
11.839565660292731 8.756003946985144 1
7.076752589315252 11.406684387067207 1
6.926293375478274 0.0514648339563184 -1
19.640386355824436 6.088185083130957 -1
4.885081146986803 17.935830750129668 -1
19.39863398589731 13.321027397934031 -1
10.76392169034923 5.879431725830113 1
8.545597404966628 7.4615433362646915 1
14.571428808149951 13.007386230805764 1
0.5070538157452797 19.947155314146293 -1
15.478605934035523 4.355173799624293 -1
13.545711938953852 7.4013495611988045 1
17.212820926651887 2.1997709205080818 -1
0.7929612583665713 7.19552212582607 -1
1.4691065281063809 1.0367706527816045 -1
9.6047033686959 2.9160401821870696 -1
0.9454861801049286 12.766517140541874 -1
19.333170440232294 10.490663384794248 -1
5.795277135781454 17.644995276178545 -1
13.807385618556793 1.4102355813548373 -1
19.19239692763865 2.450668182524278 -1
12.274979133878187 5.759796801858461 1
17.90111591494385 15.625407844942709 -1
18.18190116470941 0.8041062204972271 -1
14.795950087406233 18.899915654443816 -1
11.061278266063258 15.528447677416608 1
13.577625396056623 8.258430614884162 1
0.02723535873791816 15.908493605118615 -1
17.67737901209047 2.9566045915961703 -1
17.28382897243117 7.589848398802051 -1
1.5711312500350028 14.560682640029302 -1
9.161446926794738 14.45244254426177 1
1.6040838078546638 8.957194928091848 -1
8.757015957384462 9.61330674461239 1
7.646212486197408 0.8677087853292464 -1
12.974009172875364 11.806733806048781 1
13.021047396619833 17.195934474693356 -1
18.71754209199321 15.462120406580869 -1
17.26988567498145 18.767744344486864 -1
1.4409063979726944 9.812590748276758 -1
15.675384003303297 14.590627057400473 -1
3.1429398270061526 5.341344581423913 -1
4.307984456318188 12.835553896643301 1
9.546173209488469 8.322019101037286 1
14.942171993752421 13.039838595158852 1
14.862211660100016 11.47818755198226 1
17.4306514982842 8.410214320008254 -1
6.860680965245578 8.044102372503659 1
6.709479024030244 10.99841171135714 1
1.92271474075141 0.13915483744973534 -1
17.181537268020644 19.41028057897191 -1
19.20646636400812 10.637218597758709 -1
18.61946967210851 14.42029195037698 -1
2.3883705598007965 3.690049332536416 -1
11.795851977871639 13.728266455826896 1
17.826051499300068 14.718356415984477 -1
0.9675897907224407 14.873883473777171 -1
4.86535570902809 3.135373235325838 -1
10.481196491550701 10.979982846329108 1
6.561450420593868 5.456772280197104 1
0.687030215560831 1.0237631964992011 -1
11.779567835862746 15.097057104355505 1
4.258439388533148 15.837794958157613 -1
9.624293343284984 3.997744241474346 1
2.633899358378551 12.340702562510202 -1
13.706821353463797 15.134956858382163 1
4.199489929602544 8.790670368611382 1
2.5114425899310944 0.9374206195720802 -1
9.41396994192118 1.0110814542454283 -1
2.6849501925014896 15.928943166335605 -1
12.71568656361872 7.510440898819121 1
8.922085880424595 13.421414389145363 1
17.652062560484513 15.021269792454017 -1
11.557729725244624 2.876106850690463 -1
6.248767690790125 14.413997196863615 1
7.030242982277512 4.885046242762405 1
15.088637602809193 6.617774331641169 1
18.912406616962556 16.0706671223376 -1
4.5178459398419974 0.2722107031365839 -1
12.342199586494807 1.7644004325622786 -1
18.87126012123481 9.334826672015918 -1
14.785502417362773 18.151747571722666 -1
11.105466594951672 1.643266945789006 -1
2.8022768288910282 2.555855162164251 -1
16.85365665704673 4.7408208619319385 -1
8.526825591037923 9.531236510553196 1
9.870300937751328 10.689210701385239 1
1.7783945461255035 7.3322192649221885 -1
18.891332372734524 10.049613725961395 -1
15.75725104494611 8.6066180900422 1
4.386519475934918 10.836138493207521 1
0.6884427979274022 5.869566635936263 -1
12.88129405442441 7.02670421466959 1
16.32367188567999 13.169077104769457 -1
3.1139106450541476 3.9318527857609564 -1
8.988916770302888 8.884358120902007 1
7.487978480457215 1.5621605698444685 -1
8.052686805705518 15.674889261187882 1
15.338872412172421 11.718420176413547 1
3.8901285774954775 5.929665815638677 -1
12.729027363432861 5.622947121655139 1
9.937060288758417 0.680987210165036 -1
18.935752969362646 13.078062326704387 -1
17.01880735458242 4.136422595617573 -1
3.7374538591502904 5.903325056897741 -1
13.304018626572427 8.141102059380277 1
12.007027975595939 9.556709153297177 1
11.013170931323451 16.858948609400684 1
10.562599487633307 3.1661095719033616 1
0.2937945811956366 16.21144086331469 -1
4.144247714529358 8.004951062076087 1
5.401997088852262 1.6267283869773874 -1
4.8061411872661575 17.384400854358276 -1
17.47471178926073 2.307051310605477 -1
2.4916138328937265 7.970812398483613 -1
14.46715767675515 12.069739186493715 1
10.882379243102298 13.302054609771943 1
5.327204831933918 16.33437471667572 -1
13.9916357643043 16.893943906944646 -1
19.198821368868625 18.60003418459192 -1
0.6081180030897371 15.340409920667735 -1
3.380947233772984 15.775608634458099 -1
10.53483756205419 5.554166025792002 1
17.125498337303476 8.682373412828827 -1
8.7600414451642 8.152617018572261 1
15.278194475904382 5.148088422450863 -1
19.092199700645235 5.73489438285341 -1
10.32847949082978 19.98821268314507 -1
4.90572436666519 12.14847649775426 1
14.379020849897966 1.5526675270295853 -1
14.278306434811848 13.634340138420287 1
10.30049770400179 3.7830197552910416 1
19.205483308121316 4.726599386239174 -1
8.807529453295048 3.897052918230395 1
14.448311986205445 1.1763513621725519 -1
9.590208983956362 17.463821951397012 -1
11.828621764189112 5.147672121144533 1
0.9845856179408874 5.1739881227303 -1
9.773252012114144 13.000163609070603 1
11.368798522133748 4.003312166917594 1
19.656462573321022 9.731710279541677 -1
2.558236094242803 9.011153497986372 -1
12.78544799313436 7.4748686073380055 1
8.737458772816908 14.570158135157712 1
1.3468246929552086 6.139046283809786 -1
3.2533628294748285 17.309420141951335 -1
11.664754571374678 2.7657821383687065 -1
6.2730744059374555 5.981774945754146 1
13.052349748698838 3.6743822155135497 -1
1.5460439073906795 18.270452487352998 -1
8.319466310596631 12.574908586407341 1
0.5948246306939553 15.372085612580895 -1
7.966597382213722 8.241087934383668 1
8.058568506331403 19.99196376693925 -1
8.623769308910552 19.65634558633176 -1
12.027055325888096 3.7315788701900776 1
3.5799393497390986 11.349527899485619 1
9.402184745615818 4.238224711254917 1
16.425018908997934 6.915903792418341 -1
6.529563898577566 6.0769390267782 1
6.288858092541254 9.982461801580548 1
12.360027824960042 6.042202831807626 1
0.7009469454058403 10.511669375052392 -1
18.253970326979918 18.531340727752024 -1
6.441254710326478 16.363943655566192 -1
19.23647388153014 4.570374333899281 -1
10.003222335861647 14.722861540760444 1
8.15457097282809 15.922056603509402 1
4.119051507690763 10.749401607702204 1
16.70744663571678 13.857783074278423 -1
11.90342009124302 5.552084676218585 1
7.63327652651318 11.546025911366279 1
9.562661084415804 17.133936034564062 -1
16.21192170288981 11.54816959976471 1
8.889570298663136 10.355891092433083 1
8.960210842515453 3.022833722540652 -1
1.04806706923108 9.536945227892765 -1
4.454908722870625 2.800494345339941 -1
1.7464077396748778 5.609053128155881 -1
1.4600496012852182 0.4594645562638111 -1
19.679024629303687 8.253595384849955 -1
0.6984445256221572 1.9572413177705017 -1
11.941217589529309 18.29938467500786 -1
4.068948638471824 1.3319113499165791 -1
8.81991261010064 8.196471047752851 1
17.900355205815334 10.260909617792162 -1
6.766430011479622 4.963724439654995 1
1.7450362759232374 14.468417189214842 -1
2.081920573725944 6.508040801218796 -1
15.767439008487429 13.78854343879388 1
2.814756986297835 19.303646286403946 -1
10.197096371118757 4.673746193522906 1
3.078872408597424 17.682584869165936 -1
8.716914105895441 8.413061335984844 1
17.31189353083512 19.906390318236603 -1
18.788632548027685 19.760737773791558 -1
10.727619897431829 19.095898845394924 -1
10.96684649697891 1.4045238438460528 -1
13.408190905180229 14.48877932748426 1
16.00299760064178 6.089884579263973 -1
15.868375717889014 11.014951175140604 1
1.0463458590832997 19.063425598427543 -1
15.373221882785696 2.2135514188991157 -1
12.618516957932677 14.59979815493796 1
2.9947742107341546 13.151457494308978 -1
19.373187220033408 4.393809116924792 -1
5.599427572931129 1.742481724213829 -1
12.930970289230547 13.251915472246306 1
17.30190030879623 1.3115452003525685 -1
13.170074255923872 3.6181077683550478 -1
12.592705094315718 10.083054440084567 1
15.510533062326422 0.1395124245872026 -1
15.510035295192061 9.188457314574576 1
10.535033246724945 3.6200471901358555 1
4.265737081130805 7.998291474885477 1
4.184268057595634 16.55013486735538 -1
17.773055888893023 9.398547907939927 -1
3.862812786276586 11.151140662531326 1
19.79777153096418 13.594241101781419 -1
12.766659228894584 11.05640411027448 1
18.625334782546634 14.927542321394975 -1
9.88914106083193 9.513375706668379 1
17.850759617366272 14.035014643404406 -1
16.321680830327846 10.834749493336027 1
14.174324823458715 11.246637933325239 1
18.361152476068725 16.693962329261982 -1
0.4988212171475226 4.772660087626168 -1
2.159684865095284 7.063233183034776 -1
4.113204939692789 5.077436964276963 -1
5.0855439595612895 5.33798961811355 1
9.760484045861164 19.267708005385565 -1
12.435446793703429 16.309334392346802 1
0.5192713021696327 11.879543991747795 -1
0.5054080829358587 5.834867845270542 -1
0.7963205021935837 16.265832983821916 -1
8.060841514091116 9.202386954229777 1
17.749835996494316 8.7339602665729 -1
5.588337612811795 9.074411322347034 1
1.8899345706230708 8.937184665547962 -1
12.06267302003895 11.570783343111554 1
12.162074331180017 6.481128719834166 1
16.60925227974125 15.980456013783584 -1
0.8432231484432573 10.516762240193845 -1
18.3751980897588 0.5217352885902149 -1
11.312200751867437 12.76459371029752 1
2.265834629547374 14.358642068215994 -1
11.133804658622793 5.262707976587729 1
2.840830909226799 19.978426787463167 -1
6.992332616528687 17.98879299329996 -1
19.660966070172485 18.05791611522019 -1
10.800841606752112 3.086785882606662 1
16.37592425581519 19.588238707051868 -1
17.557479524161845 5.805461172387705 -1
9.278059420003022 16.784132621099616 1
10.889518947074306 3.3440207434899216 1
15.738278853329533 15.888710200984669 -1
12.311596709939632 18.554589511041236 -1
11.839703541770891 8.659818221156506 1
13.289599635288926 1.0487313538930465 -1
19.0608363757927 18.118997667986434 -1
8.545927520543092 11.956472575581142 1
16.122814140488835 8.093471165809733 1
7.041301907799536 7.742235927996264 1
1.5007047148892139 10.17439644462298 -1
10.579336794847036 8.552469308861744 1
17.910904997425202 17.927414229202803 -1
11.757707961958992 15.241350709126586 1
17.337431714896518 18.74457861465832 -1
2.328415413901208 13.34600057574242 -1
6.588212812060106 6.006506644904055 1
19.493294619062244 4.929213956169365 -1
13.356889859243616 14.997043828634881 1
2.9203335162550492 18.432026953952708 -1
7.877211515087659 7.258550257709766 1
15.036456771437072 11.917473596643667 1
2.4945026743552656 6.68134793073754 -1
4.297808614091066 2.4299731132051505 -1
3.7648564931831086 14.410507658457396 -1
11.040624340309925 7.036225138264404 1
10.83904758938035 8.09764681259573 1
15.699526380589354 3.0309106711580047 -1
1.454966874248167 3.8129786393384557 -1
9.370954046951482 5.923721779879381 1
14.349638337740105 4.951770431524594 1
3.942050507417183 18.56405404107013 -1
4.040482577097412 13.808283051603492 -1
15.795371163483372 7.753460664480292 1
14.392604953162817 9.400610992963742 1
9.98918294376886 3.067096153858 1
16.754176108930004 15.205683165243427 -1
10.344505514774063 1.4661149028329512 -1
14.157426302516141 8.231546270930622 1
16.423700988867836 7.655597165708075 1
9.410386474662104 5.9421322933914595 1
6.8163928165417715 7.441633442020188 1
0.0869635157733506 9.467589579856671 -1
18.218715997429225 5.855941534667983 -1
17.174351176393394 0.6049159733810239 -1
3.563328325606736 7.4654997927826905 1
11.31920838387228 17.528789310744134 -1
14.690991360997865 16.742738804076353 -1
12.88206310451496 10.690558249454785 1
1.9260440843639826 6.39648799654033 -1
18.26247506844123 12.698219820996645 -1
17.770870437387863 4.923145036152345 -1
17.851776062800848 9.864107110578566 -1
18.72537054711257 6.140773793289815 -1
12.938300309865124 16.59224774038293 -1
4.340923019171972 1.6912133102654647 -1
11.602071329284911 16.252876935672635 1
18.772564216415915 2.523914303807737 -1
18.028017360151566 1.252973744438295 -1
6.873047933081371 5.365417832196886 1
7.648110988534686 6.553361051165885 1
10.849359173240714 15.580569397540716 1
11.942653848729838 19.294041872871734 -1
11.84208103259385 3.3824674151528455 1
3.3764494440066994 5.426207918769126 -1
12.806806974313389 2.9695573321501323 -1
11.758558008779099 5.338991762021122 1
13.102063281803568 2.6011587294680005 -1
14.408147683222614 9.013823984244704 1
2.8309463349696173 4.466530670539159 -1
10.243550405487479 6.235916079901022 1
11.163922110939872 16.865454299427455 1
16.34919054069931 2.378695436661371 -1
11.366378377014863 10.788758400733041 1
10.407508517909713 18.156667496743555 -1
9.503588505110333 19.796393990955224 -1
14.012788119738904 17.964361374450615 -1
9.301568325149663 12.196310355803515 1
1.5275402970105612 19.578777814197824 -1
11.656739931012412 18.801634014512487 -1
2.4361494658112837 11.922573604171145 -1
9.018225985321596 8.516279538971467 1
17.95745801616987 19.569558567733246 -1
13.178023987620037 13.988954372339846 1
8.665626848849996 6.7057365090333265 1
0.4674106009316148 11.086125527658396 -1
16.498479184435592 5.114240536762051 -1
7.24787602437609 13.034830288886852 1
4.793557773004777 16.980318127133472 -1
16.00559154388687 16.801582015362012 -1
12.679836006519578 14.373104248501857 1
14.876558804819002 14.85947533129554 1
8.245138397233717 12.662945737676402 1
18.044809135677294 14.287328870505124 -1
6.027421255088068 8.694123634653824 1
1.667239542508625 5.200554644277407 -1
19.90731577969057 11.214767051384273 -1
17.905222346865244 1.5454099139241428 -1
9.983433666113301 16.592565141689658 1
4.361854497047817 6.818530643895333 1
2.721546324685067 12.53240515156821 -1
2.3123787711349286 3.4136173647607726 -1
6.941462639350475 12.921927501903918 1
19.12512725975187 18.274691348909787 -1
7.931966302438395 8.192530091308825 1
7.819229525956304 0.8517197138033583 -1
8.00533403325375 11.095571980085104 1
3.014502881735479 3.7886900715153615 -1
10.877900286530288 14.551709522338586 1
13.27578698259127 19.65580286965175 -1
2.2430457833892814 1.0533152766483234 -1
4.4556481791642 10.476128010571315 1
0.5758327006781649 13.614397976252233 -1
9.220010153685791 19.796640323359348 -1
14.89972065730485 8.846774841685827 1
16.9411335363302 7.792568988880899 -1
10.650128019820757 15.178150852767835 1
17.96088843714506 10.188821635238634 -1
17.059154641311803 14.840950051192394 -1
14.580288564630791 11.201336696442265 1
17.417711436298735 3.668087686734842 -1
9.650673778732322 18.42064918787837 -1
14.664660953759693 3.0307113081635695 -1
16.027439595356814 3.7478320330228843 -1
17.044734265244415 11.936101702062093 -1
11.49005775660909 5.397901838226047 1
18.372628443879808 16.023411548191902 -1
1.9848593288551575 9.790257646624482 -1
13.045969105097445 12.362849525717724 1
16.805719656819974 16.533695040440744 -1
14.310982509016988 6.132135767524634 1
10.692843914780559 14.501803007819547 1
8.914622229191867 5.401042566328947 1
19.073021059141325 13.964722834539472 -1
17.72939024081717 17.751379189753045 -1
17.96676290995612 2.4404680594583783 -1
8.560761393208661 9.6505287413389 1
9.627375480253281 18.091122197422457 -1
3.067736624404578 5.337605062483892 -1
19.090018698945094 5.261718735654377 -1
9.23499914361943 19.937039314254093 -1
9.724000358045561 5.501405908676986 1
12.808955861846218 16.094144011672512 1
10.20258208858623 18.76560184766042 -1
0.47297604696784346 9.017974306848842 -1
14.249792287627205 5.25978175027981 1
12.277565939036153 18.308521227404245 -1
1.7432027383781112 17.272387993721086 -1
16.874861291875053 6.1256067394869635 -1
13.939316948810802 5.075169263740202 1
6.042974521426623 3.1378191730117644 -1
4.339411323132767 10.467304705416174 1
2.700934550989642 3.3575232428271318 -1
0.9165162637756596 12.5342249658856 -1
9.596393824439815 1.6782494225749156 -1
1.4148753280466186 6.013324140996506 -1
17.558449323947855 6.660529616070605 -1
10.078658650422065 13.350341689190682 1
14.94441460584163 6.337588129284432 1
1.2157121553961314 12.526598757520235 -1
0.07696485416998744 19.526937379386624 -1
0.7428729165047421 1.7488995064574153 -1
0.31208613306200617 9.530172939350166 -1
19.947625972223996 6.251363751635033 -1
12.37685986260573 6.441375081471852 1
13.771086373894594 13.210092776855166 1
2.3970455993470385 3.578578039808593 -1
8.807506287093696 0.7645106861261208 -1
7.637679969523774 11.02145558623857 1
1.055733746869727 0.7489022655034749 -1
18.208517596895312 4.906743046429263 -1
7.401582887573839 18.76265522397564 -1
18.76090844606352 6.115389998174933 -1
19.08116304441229 6.136610285097149 -1
19.401473114660384 7.765210874292238 -1
15.66641031299958 8.847981285479626 1
8.205444749735618 1.0502608123399249 -1
18.743231562048898 1.8701274432802628 -1
1.5358564758137394 15.751237350837739 -1
17.164010637849653 8.963368452216914 -1
2.022288669201202 4.100752349240211 -1
2.0955010358844928 14.912618002401889 -1
0.5824129779323983 12.272075758391557 -1
0.35488355074255074 10.13647595727651 -1
12.872610884642985 6.514821162454927 1
14.239173585175468 11.321064564550454 1
7.809165943474065 17.32127569125218 -1
13.029286483237449 17.725164131903256 -1
11.463912814062358 3.133035810072 -1
16.32141997322725 8.486352275800433 1
1.7207758861798128 4.932570191883789 -1
12.035171333129377 17.702022033683413 -1
5.999508841367611 14.32093600919907 1
8.376385056765494 9.203813228965716 1
5.139867950611383 11.732669654595831 1
1.1178096810325577 14.643007262270393 -1
10.169018401290376 16.371872066423197 1
19.407785631453038 3.6179533825019172 -1
10.897498773601594 12.79560591639262 1
4.849343317520054 19.99057755634311 -1
4.9699324298188285 13.099177198026577 1
18.585881868615 5.93894497324319 -1
13.064887262094944 8.327178495530656 1
4.860239478121295 12.624271303620764 1
18.295134329445588 11.02662852826116 -1
17.25041718734474 4.902595543545159 -1
0.05678047821844556 6.759014118743931 -1
1.3038987162874593 2.957422134638261 -1
7.040281513881254 9.252837131318527 1
16.049989229854155 19.5969714459113 -1
6.552196493639746 17.799668939980588 -1
10.357373105068914 13.84013319128867 1
11.521120090902192 4.419296662627826 1
5.087674688561488 6.569871409182577 1
14.146896268635956 2.5269519212829006 -1
5.547255894475893 16.821717041195672 -1
15.910793178269486 0.7290391961447806 -1
12.690980060046066 7.479133655355701 1
5.391751805619524 11.472387837415276 1
14.402583796195474 8.467227733668206 1
13.214994435884755 2.7984634649877527 -1
11.94819325721862 16.395428286626007 1
9.410168520789647 18.29121056649464 -1
9.336651116409357 0.48799059934485856 -1
15.190962975896873 7.258516690340066 1
1.5077753504384406 15.27736786782138 -1
11.909009985542864 6.164904451438709 1
0.33767408818785816 1.2174114211135167 -1
17.657221120617734 0.18809148155548794 -1
5.9486335896999005 6.835187953441051 1
10.061596392437238 15.706518530632184 1
12.321510482176695 4.413930029968767 1
10.306422919758765 12.617388864971646 1
4.573180093274447 19.078257766784947 -1
0.029243283337605508 12.954231376099179 -1
5.6501032499350545 2.1208096218402894 -1
7.57719071126888 8.091114904738703 1
9.526621959452374 12.548029974393536 1
18.93471609390007 7.9787304825066485 -1
1.4981307806303334 5.44860124507893 -1
17.951128881710734 2.965628924920194 -1
13.972891212069673 7.437193193585809 1
0.42068294961687513 9.94875420391471 -1
18.352231256881886 9.05271933133774 -1
8.357202481873232 15.375215616277845 1
0.27251816884835245 3.1972341551703765 -1
13.145235707613931 16.45887845981608 -1
13.960690826581654 1.769005839822957 -1
10.953056578266597 18.965978178313197 -1
5.250232340438035 7.118912860628641 1
6.80981792210236 6.897367951373214 1
13.238280414274403 17.36412887893158 -1
19.46915614969347 5.194241276524707 -1
5.885708638873393 17.46670868525289 -1
16.966116570725603 8.476294318380074 -1
16.135533341094796 12.090344039613015 1
16.432968610898754 5.004225843715409 -1
16.352361752703604 5.1467021031522915 -1
10.03307344369727 1.6547551932731897 -1
1.0166632090391636 12.065222866994098 -1
11.994123665614094 15.85308825793997 1
17.263792475020452 15.12757151607152 -1
17.115933160851643 10.406348252976414 -1
0.8786621271586781 15.261282392694145 -1
13.62915838509135 13.822562738780778 1
4.407964420660056 6.248218898618527 1
17.19121602872288 13.72061469082177 -1
1.1445344666689672 0.2791851219050545 -1
18.92650415829809 15.178323989711135 -1
0.4504969632472089 14.343692519211872 -1
8.828544735091286 6.591898920816959 1
18.929470417461086 2.7911162478543994 -1
6.271223214923783 2.1363932467974767 -1
11.022596198988301 18.59217127783372 -1
8.727703990868685 0.14794384850077336 -1
11.636018008358569 0.868942846479337 -1
10.521041789170319 9.405979124228631 1
18.344324241259756 12.629660744341809 -1
5.51665968926576 8.794696470361272 1
16.010020915010102 15.632764676367898 -1
15.711328447322046 10.964364554608006 1
18.747932919359627 2.3241578141557095 -1
7.903660128804201 16.829688141012074 -1
12.892616068512941 10.329747310226335 1
6.42519865265609 16.978320843365292 -1
12.733055737490735 1.8097431476668713 -1
5.554450720722035 0.27423400262142295 -1
12.012536066868165 19.654143594398708 -1
3.105756475713286 6.119496527687507 -1
18.127102510894698 17.518607412722353 -1
11.3980279680403 13.97419810653611 1
2.308267788402174 8.715944016870624 -1
16.576574317585052 10.962939281364143 1
0.6687455433997425 10.796581964571597 -1
3.0180516973366767 10.096064922499302 1
1.01357247921662 19.57463138516677 -1
1.7865128565390176 4.064199034260463 -1
4.901615060728726 16.25056797766659 -1
3.1621867765784817 10.751575350133658 1
14.550254275198098 7.790333577825752 1
12.429863305929473 5.549459145608065 1
8.70856634263247 8.019246828633067 1
2.8368225897674226 2.4880594716930338 -1
11.710856301503043 18.92681840117229 -1
3.8905480346525123 8.362180497083108 1
6.354668740742735 6.818847930956844 1
18.576826042838604 8.610517891358251 -1
0.18554148227145628 7.0423431616180165 -1
13.334451465964118 2.4921720306013273 -1
4.027451686056551 0.2382730709545955 -1
5.59464649040911 10.306829402587091 1
19.63195403699065 14.295256833595575 -1
15.178960284181386 7.552074503055284 1
6.758818114046408 3.5524579801161704 -1
16.35113073857164 5.0552800095071255 -1
19.98610734501919 10.454873733575676 -1
3.4995653605380417 19.885375272412304 -1
19.81672390162193 1.595597747628521 -1
19.39446625234246 10.606901578902914 -1
6.434606247353106 11.046350394070616 1
19.312055491498047 14.952409122271055 -1
6.931190202684054 10.07219206779515 1
1.943355101672235 19.199611100719945 -1
5.357526276737257 19.357258393436176 -1
19.637690595144818 19.808008714276202 -1
2.990194645922848 5.85337179745321 -1
12.98480408039273 4.670180470690326 1
14.91921528743961 5.928417392465796 1
18.923259844534208 9.119203236996343 -1
7.212001765611722 4.31694016373007 1
12.965170582877267 17.679838633096832 -1
17.23939963612002 11.60120678293082 -1
3.9504031073480017 9.751757383214843 1
3.3215274605417244 11.434886163032207 1
5.395754757561089 5.537394815182801 1
16.56155543075075 6.571373341153586 -1
18.169607523408054 8.948332747727392 -1
13.843986410564497 14.662001884803207 1
19.271346454755694 6.592848398549642 -1
2.121576642512115 10.43710801511079 -1
12.924662163458533 13.306805949218754 1
16.939057005719132 14.515848086404098 -1
19.01255613862126 2.933347839832261 -1
16.103381922664393 2.319043385533681 -1
5.688815511215804 2.618341107385611 -1
2.8781113307145367 7.534341691511184 -1
17.131813052768134 11.622815321995407 -1
12.931027570597207 14.936347282551658 1
9.85458217752882 19.930441518505177 -1
8.350129393169691 12.319730008926319 1
5.2950868147772105 18.37629135576291 -1
13.935946407582627 13.220287689229206 1
1.911163136046441 5.452391016914757 -1
12.347456548902805 11.427270425594509 1
13.021156706045819 8.027946155110113 1
3.198262689242044 1.0927719883533915 -1
6.206699820628277 14.812729192233583 1
1.5593019081156423 15.264561467028376 -1
16.723746743338705 16.576346122739814 -1
1.8547099513040943 7.5828680038121865 -1
10.461222619364918 5.742512115543361 1
16.33966324877854 8.81386228544438 1
2.6438899203979016 7.578835537750628 -1
10.53555768616971 13.704126100071914 1
6.348857285103771 18.371350669102725 -1
4.396181799173333 0.3876991237689875 -1
13.814349841477782 13.467022981518326 1
16.977565684743535 17.354504752156092 -1
4.24097356110658 3.3979452952282063 -1
0.7026286308460494 10.45961331666735 -1
12.310671674132417 1.044064829822966 -1
10.480601890880067 11.744531431471088 1
10.986240684581288 9.467201483258057 1
16.017690128706143 9.20517744467933 1
10.89533949897927 11.387321765873896 1
13.814005897411262 19.99361507175155 -1
5.85039794410476 5.7638385382856345 1
4.231840594080818 8.541782150185202 1
16.999511481427426 2.399341292233572 -1
6.153782719879175 6.100203537577613 1
6.323859279515103 3.5515580335729102 -1
18.14363182089916 6.352226415103215 -1
2.0595009516371543 19.557918161227633 -1
6.82569517218826 11.929259717862397 1
10.82522035334058 16.778361253251465 1
8.46825310203746 19.111766996209965 -1
9.15593694979898 2.3847111293624312 -1
5.695357540375243 1.0171959035049882 -1
19.16741828040453 17.580839683861782 -1
14.458550779888753 12.330271371491934 1
14.80989520037683 15.714680570795673 -1
8.281394868732917 11.83271156899923 1
4.257587997625103 0.01249064965066271 -1
11.441711930411483 16.56183912601152 1
19.766758113799902 2.0142779829994018 -1
8.490019738940793 19.445184541167208 -1
2.804789879265994 2.125641041358073 -1
16.59708793377228 0.3998054281337149 -1
14.851031540409874 9.445469282731032 1
3.2550231882317093 17.894773381016456 -1
16.20083483917822 11.62800531534838 1
12.426910124985524 17.91726799323683 -1
5.7735405196972955 1.9106225744773853 -1
10.80837128199336 14.680769233147547 1
13.163098796878591 10.739690498249493 1
11.763760897455452 11.408073002440855 1
6.223766988917923 15.872695072017803 1
4.112859348893451 3.4888528612836067 -1
7.465227319756622 12.113816317385844 1
5.261284729649905 8.543013789427949 1
16.05255539755329 19.01248240285522 -1
7.598133108166953 13.666311141920131 1
17.73401071809291 9.467826376212443 -1
10.352285115934558 19.07579398671585 -1
2.9956352106523543 17.318424623168664 -1
18.380715834858265 14.867506258737349 -1
15.40548449256465 3.692649836752726 -1
1.2696793683948937 18.024024345086257 -1
17.91592480513467 9.469183174473056 -1
12.792084890785986 10.793295923595716 1
1.7468113057303714 9.625366040472702 -1
8.553120951467248 14.972926499359486 1
2.8277232985595857 13.323447702650405 -1
9.349160781563244 9.078717460724866 1
7.847044729941041 13.839930999359748 1
4.507120967757688 0.4377333636169545 -1
16.424664523494663 5.207269451899594 -1
1.4516717050675743 14.065519544772878 -1
13.046097828250602 17.473510353616213 -1
12.451614794287483 14.777784306036674 1
2.476466377620745 18.209464578336206 -1
13.261714970673474 7.668831808555197 1
15.658360825615343 1.82800235892709 -1
17.135932981573216 3.5144125379216162 -1
17.63757285419731 16.9819780577048 -1
11.026513871131776 8.15045796789886 1
8.192057983399403 8.332956614169882 1
12.54210829672725 11.134135957656321 1
18.59673311442276 16.206693113876202 -1
3.3877546578436735 3.1344459177668504 -1
8.285760488552347 11.1967404119621 1
7.506050617109734 13.050972785199965 1
9.936273556806466 10.490398470207676 1
9.91275367515187 2.7388405433540997 -1
13.66900378909176 8.130863177411822 1
2.3781151842018677 11.12960346407737 -1
19.66982589974817 14.3486795566692 -1
8.931290968557825 0.23802729426285474 -1
4.070895757037198 18.832476165243555 -1
14.452456349975717 16.03025386016478 -1
0.10015101930564763 11.768470834473359 -1
12.645967850158858 12.751332513292233 1
6.084165039249337 5.27453301656111 1
3.0641675578217975 6.078477511356777 -1
16.850187136517576 19.240286117004253 -1
5.012435639391968 8.60528051769516 1
5.6644421541334555 2.76955750246908 -1
2.209406635843607 11.74306055827284 -1
1.6847369610420726 3.9918275099102796 -1
16.214341119270923 12.573679529769507 1
18.10688707240656 15.379298653457173 -1
2.7200462732790887 17.22011945401883 -1
0.6387892054006516 8.32639321471677 -1
1.6147282218959291 16.67619283803152 -1
3.3225976013240888 18.47331497423496 -1
13.168613304571243 19.78981768037476 -1
14.821660914521 15.107109064397658 -1
8.492298593632427 15.93074232905273 1
9.9776316454816 7.388809677794592 1
4.032695379732192 18.025140682445876 -1
3.318551427207561 19.505564140990973 -1
16.73389529376724 17.837989915546867 -1
0.027859341817439986 9.257615446134446 -1
0.913138431029179 3.7080571962883013 -1
16.02293022611005 10.687817080924255 1
2.260132142040452 14.915255445622593 -1
17.194422789328637 4.161382952146601 -1
9.927363768302403 0.7491673730922876 -1
17.13826961670072 1.178278435214577 -1
17.35690011796459 3.3944647733914834 -1
8.273346675621289 5.558836033399115 1
17.99444582616322 16.92840699638814 -1
17.1585274787788 10.283295636346352 -1
15.125605686246677 15.477413030395974 -1
9.038031658950018 16.31684070156414 1
19.20696584287898 6.946453828441673 -1
6.149062459744636 8.862800381645252 1
18.2472936040079 10.25159800700453 -1
5.373635074544798 0.13966385884309762 -1
11.172031199181376 7.889298147629942 1
0.37094859761437116 3.0688264064268767 -1
10.802842865593362 7.4274249094377875 1
3.205615404283768 4.334661310480832 -1
9.786626086825738 16.76517768436755 1
16.0643827100155 15.020062469920138 -1
14.442388467754654 12.984945997515409 1
14.950825381851203 6.025171785542909 1
2.9493029061701126 16.37561292204238 -1
5.663526382175177 14.832664524483363 1
0.48606313249869526 1.2210940535066261 -1
12.56075481217268 13.769378618215757 1
5.971751092657116 3.476586525506269 -1
5.912490492855906 13.580913741030658 1
16.571236174809194 13.710517705240298 -1
0.5677391498291962 4.644277998262105 -1
2.774361580082656 17.295302512478255 -1
0.08052237771076776 17.673974544199893 -1
13.326496841906497 19.33551402301199 -1
17.061574494485402 14.006338214404167 -1
6.427233923260789 14.995472240708139 1
19.038939560523392 5.108410237649101 -1
1.9687136356697388 11.232545200467571 -1
11.911956039027988 10.549818138752956 1
16.44856589022034 15.388541866282704 -1
1.8470988270943511 4.138565851186227 -1
7.350204788423634 13.746591903232668 1
3.8896729804171626 15.587653592155345 -1
1.3687697498429618 6.741919141677865 -1
12.805312990492475 18.265540966863348 -1
11.337311554217456 5.202991706823026 1
5.682137985218841 2.3612714422074 -1
9.212284228245567 16.67797830926324 1
8.540575777662646 0.11397111449802821 -1
18.77877174677763 14.073440329833984 -1
19.489706877598795 10.391676695724033 -1
6.133422536230382 9.91990881142933 1
10.939799169435245 13.726895003609947 1
13.107165715025047 17.49493049368977 -1
2.1106775317852966 5.757796631879644 -1
14.263281915232271 2.1520160476609784 -1
15.625790592612308 2.673166170750423 -1
18.631686520355476 3.4737127002475288 -1
11.53904733823782 12.04528749790543 1
18.625340246386074 16.80757634959883 -1
14.896238790949848 1.6167658488231318 -1
5.0556810362390525 9.284759288210548 1
18.38178830866056 10.31351628062527 -1
2.015477139107218 18.273796959555273 -1
18.762280467547615 7.1563569467326875 -1
4.885962324832802 18.407629433922942 -1
4.0752249759476715 1.551161248502082 -1
1.770374491784339 9.414429291309824 -1
19.590118976604455 4.662859070612511 -1
7.9298487582721116 18.29865644757211 -1
18.224105579771038 12.753521561487053 -1
16.136465224275188 12.328412553175202 1
0.5158687912216431 5.224665337545544 -1
12.3229163992181 18.922483337617642 -1
3.3699983741185524 10.391320227307517 1
9.226606567061753 5.590947084623956 1
17.177630213463452 10.50185569033047 -1
6.242849620389612 2.417829356253416 -1
2.5147621333065873 12.188517122351586 -1
15.615325230663991 1.841544905810517 -1
7.386567571894808 5.817082709043939 1
11.453652817173667 12.479372737937416 1
16.742413262604288 12.606372016905143 -1
2.8666843243922724 2.9389849455390493 -1
13.077729799623935 13.971317754450034 1
9.142605858138328 3.081758882025085 1
13.538419006324347 3.032280043862663 -1
1.5333252158297062 3.138809431792773 -1
10.64316335126563 8.061962617525264 1
4.098730979042111 11.203066607856664 1
1.6614024515787196 14.087791212375137 -1
12.481282257120338 18.71538135217731 -1
11.482052354772119 0.7232822679995121 -1
15.6836631854245 17.466146573602913 -1
7.37016707213745 11.808104015058877 1
10.388822531739493 17.12143447613284 -1
12.277186884902031 7.986932473948373 1
4.830557303866481 14.799016819989228 -1
13.324754903699043 15.87077065892733 1
1.5621948461697377 16.58284847702064 -1
5.455520195753893 7.109408497756469 1
1.4229759151136223 9.470940801472423 -1
3.382574574445776 17.35605838330782 -1
5.279981010314591 8.075633590978109 1
2.8862909281332683 4.021021382157402 -1
2.7109898745800387 7.839101926616565 -1
4.602060700694324 4.539116818829965 -1
12.98884951526916 14.43513471059398 1
6.337959207797324 12.988581591118734 1
4.656228664086608 13.259633517042694 1
5.084230090259842 3.2813942631540316 -1
3.0905915612770163 19.368591947561505 -1
10.466340591765102 10.068635586079335 1
1.9115766541286838 9.471313822153524 -1
12.579551541406712 11.23848286233274 1
2.7741411546355965 16.301957417999716 -1
12.594355253681455 17.2441694981633 -1
6.555353306014416 5.617518894395081 1
11.291809135484502 5.286838719544562 1
14.01556522919005 19.45054568918738 -1
1.2291198800204706 11.32295866987459 -1
7.063772891628901 11.123745704484513 1
4.270502734368651 17.51447080149329 -1
3.441806885194789 14.95944739761165 -1
19.82664196980732 2.2408934927387403 -1
12.923551019528677 19.398492119775955 -1
13.21479001659721 12.528555141655435 1
12.670851040585847 16.111440031606147 1
12.848246951150855 11.03566959816606 1
18.471679943963146 7.150057891639808 -1
4.931170883610651 12.80251858988681 1
15.254697477697592 1.447928812761894 -1
3.7426396882361312 18.41177390515805 -1
19.432810411118822 15.974678152586241 -1
18.046269827368047 7.566711417972676 -1
14.729533090516998 2.003657369027725 -1
2.0019197803551148 7.012056940453371 -1
9.489885504853897 12.51038312301928 1
6.021055496322656 17.697229398899953 -1
4.430090030492295 3.8375174994321526 -1
14.836448757443792 9.587060083163848 1
18.848245184643456 11.360653090974202 -1
10.860885901971182 8.467474507390138 1
1.3285474780596096 6.402478926689459 -1
0.6296207083998295 7.580997188159245 -1
12.85064276783201 5.387501202303122 1
9.136502172008472 11.225437488432991 1
11.490084622151107 3.2345154764974127 1
10.669378903949704 6.394778595186342 1
16.412459548975168 13.38960256371136 -1
19.243375906195265 10.214891962502152 -1
4.248073031668467 18.209022327405552 -1
19.647440191226448 8.46870599088426 -1
10.47549074846774 6.698459829293222 1
7.510467337025339 6.066494881162477 1
16.426647968421403 16.82166942380848 -1
4.0651831405564405 17.17365655131236 -1
6.911937464810574 13.351827604511342 1
4.142817857274674 16.491046693309954 -1
7.423790045462093 2.900500563191548 -1
19.58994492362383 12.468660447069377 -1
10.964527783662291 0.7171610318519184 -1
4.074968811040794 4.791000069344475 -1
14.339154028588998 18.876645804678816 -1
16.285319631611898 10.787597555705485 1
5.866811351852146 11.920814585909392 1
4.611678922102859 16.002224232079563 -1
5.806783048776771 3.181021634906911 -1
18.942262690689887 13.518336107142591 -1
10.960427706740095 19.17050322777833 -1
10.925513058762908 13.007180361926265 1
19.822987601444627 4.119482188093711 -1
16.639056438030266 14.856327113562157 -1
12.437301805112996 13.728557543759532 1
16.9704529574989 15.53107464596033 -1
0.7786648083485526 18.813137784138064 -1
11.768349741944899 0.6780689716137656 -1
9.395417350606504 0.8400414670198408 -1
0.11346532491277816 3.2939095592697187 -1
18.340143295494943 18.865753806014258 -1
0.5892888059324464 14.28915524232809 -1
0.6964046832162007 10.717381343652931 -1
13.319488623463286 17.847545550882298 -1
3.3432903263359237 13.789008786215831 -1
2.1015687226764657 15.530370899116068 -1
6.691077126015692 3.5303275532526923 -1
19.718711001029835 7.238606228012343 -1
19.64178262622041 1.0886234811481166 -1
3.653554064604514 14.12521668457771 -1
12.61101177524699 13.803093837760205 1
18.6085223340088 5.145425828058152 -1
7.036550109765374 16.07063312418607 1
7.437307059070428 1.9383844675774742 -1
0.9975893519555856 18.332817136060594 -1
12.944565117676651 14.57197510799878 1
10.001552685201975 2.943255519377055 -1
8.963601380419368 6.71795547076748 1
5.0705057771676625 6.547737382109318 1
11.333081418311794 15.236858231273834 1
12.018575436782701 3.0686453754828458 -1
14.64683808499375 15.029793087364853 1
0.4732323265274041 5.57987189581943 -1
14.016668775177049 2.157108726947925 -1
9.707130983949579 7.604667985021725 1
18.6502719412808 2.6944254949256896 -1
7.259560503004359 15.024364859579844 1
13.309689957238284 13.57435964757877 1
4.0849832759783355 11.778047278023022 1
2.931209523078473 9.002487961655827 -1
0.6243738662870513 15.095991242433495 -1
12.02117693248847 1.1310447199324258 -1
14.367549111241571 16.61063501808973 -1
12.60465476515565 18.85936444049282 -1
10.745665631306862 17.325273378825067 -1
15.348894535461055 5.478709438514691 -1
13.223386305626603 14.437061808791462 1
17.268537441139756 13.291232650882868 -1
18.185920267985477 1.4448601997936894 -1
17.369340449440227 15.540366049189899 -1
8.350914699946097 10.17143640478005 1
4.145619130444082 7.551486999638575 1
14.68992964122896 19.404226312308236 -1
13.41628246234963 18.72170771647693 -1
1.6852816847065655 4.468466376012678 -1
5.9512968648907965 2.311154376381417 -1
18.029815063394466 6.171813472595089 -1
5.514284474159144 18.605433709513136 -1
11.210649747062288 0.11460458106433702 -1
19.075085478997103 10.98670761767555 -1
14.977283532885167 15.531507274914988 -1
19.21328921127348 19.024939866282267 -1
19.30805884908177 10.173258782137175 -1
16.190375513991036 7.415955938424867 1
14.9652659670781 10.55484228770782 1
13.85247586563281 18.42259669090829 -1
18.912238768051083 18.952486830250695 -1
3.9054729221056173 15.5101466996495 -1
7.104058380489198 19.408681064679435 -1
12.162453548194925 9.557963837029291 1
15.304613499868449 14.543015769403231 1
7.7520008069874535 0.43948245952270426 -1
5.5929428376531165 15.682561412699423 -1
2.635385587946919 19.59633883395678 -1
6.059237590063886 19.68492167112079 -1
8.863985974237846 8.734631817310367 1
15.034244909492445 0.20450595569117658 -1
14.364123081915212 1.850510536206862 -1
13.478585821112986 2.4259842508312968 -1
9.666915194145577 10.19855017735985 1
6.161645194520262 2.0134225487368473 -1
10.313228733770337 12.24443843397723 1
10.056528524498216 4.904568466154915 1
11.74096998497842 3.723897915288661 1
19.888239986931005 5.388824066930575 -1
11.638753994435637 10.198969529511505 1
13.963422635801372 4.267777273077189 1
16.486730809522875 3.4091109629724192 -1
3.2055572842915714 3.9246607196648298 -1
1.7075852454921159 1.4358402368776324 -1
13.473728259154566 7.388866132012383 1
7.3511163986534145 15.225128625650648 1
1.989221649597741 14.194607355827614 -1
11.381675940082367 8.599414441629028 1
0.5344840487641123 3.013783516582893 -1
18.773402169777363 10.468855140612485 -1
6.727555871938828 18.68275608896179 -1
12.937286008554857 6.036731803016869 1
0.5966785179083844 6.612237521444184 -1
4.995812534283653 11.43476788039324 1
10.538065397379714 12.959815040094206 1
18.1076146298 6.829004427285255 -1
12.688682889227449 4.682164537512444 1
7.719961857555251 16.99418032367716 -1
1.503478914631582 13.7167098242279 -1
8.711846142541962 8.489080589208825 1
7.2087797791242325 14.798760391390442 1
10.052215616222721 9.464656361078374 1
8.725723752965887 11.379877104803224 1
3.4542821693928705 11.977491941118373 1
18.082803142679666 10.51108809894936 -1
8.462239613711745 6.256236773852823 1
2.4048243902338706 4.892157997151793 -1
6.3620257736314345 8.76575937107818 1
7.487589489704545 14.825895762430527 1
19.61837834376645 14.554863869042071 -1
5.8699947576908285 14.279781020999602 1
2.6665673976385373 0.8896736653655557 -1
9.86296061421304 7.9905472917754246 1
1.0116479136644996 5.7429057376291315 -1
9.080877939237952 2.5894394644222163 -1
7.739812867459626 2.542751065650315 -1
5.756088440883447 4.769173329214748 1
13.761254878530497 14.01993485981107 1
6.990819891893705 5.062679821858829 1
18.175567236657113 11.588174082365875 -1
2.191067171558838 2.390085610286503 -1
2.628232787893041 7.655873587061263 -1
1.351743483264134 13.871368225552803 -1
2.058791921495182 6.094758852197957 -1
12.253790674291 11.23086091308399 1
10.365673982691066 15.02895795634611 1
9.294312951518737 16.379108185901693 1
5.636947808095774 4.961334269755088 1
8.470464231337292 15.95873526306522 1
15.704752145955382 3.5594720036545624 -1
15.810310323536683 7.1115499533059285 1
4.805316318527922 14.586139510639127 1
13.414949012491753 2.59114900870806 -1
18.754732759069746 14.33944560560958 -1
3.4698645023111507 5.575453596943665 -1
9.30134658854538 17.27490216906047 -1
0.2686487708827423 17.112209459538853 -1
0.0404141840993244 8.521228246664617 -1
7.974952045065777 15.13952763557314 1
7.3864882387702835 13.575580585547947 1
14.29125770862068 7.541824067597114 1
8.812742606232307 7.256629286366218 1
15.729741325994034 3.9803466183114566 -1
3.442319869414281 14.694239571930572 -1
19.004760314941855 5.432435639835731 -1
8.931671380394128 9.967285559204148 1
0.6716897992231319 6.596919115677641 -1
9.757945665446941 15.598252547710764 1
13.980438498931411 18.680036996869607 -1
1.1133867113718465 2.46147899787472 -1
9.425000245090821 12.182435449612374 1
16.57363827613255 13.17628078610544 -1
8.562766217561744 3.9411239516115026 1
6.277561762709145 0.7955066105593245 -1
4.373622289126208 14.83286773928812 -1
0.8004468835105505 15.659469605617213 -1
19.023185138403733 10.954100865969282 -1
0.7416297056028665 14.320474321402859 -1
6.585200979430159 6.5434816375274725 1
10.45120247140087 18.774019346940577 -1
16.496782294093283 6.409710398859707 -1
8.571554758665227 8.431624613273838 1
14.10537090306353 16.672323862122212 -1
4.206688837922565 5.739961220333316 -1
14.932750056815935 4.564811995510524 -1
12.0994209837147 13.099803238063219 1
16.19738751575488 0.3643195052454429 -1
19.024118335374645 5.1425852966864465 -1
10.549157254804754 6.5658944513684485 1
7.8695206852875765 10.366961328662818 1
16.12092987438186 10.540114254501649 1
9.804659989421543 18.15582416352446 -1
19.359747103611944 1.9654198681877322 -1
17.231134105940114 0.43660196740384905 -1
6.966957107137272 13.634731948126328 1
17.698990433889335 1.0278138990859942 -1
6.137376165222442 4.1293895479632585 -1
13.901950738103038 19.482389913886433 -1
16.47604423984105 7.027648443758949 -1
13.319335717899289 7.258356680005031 1
5.051452354742992 3.968960255871259 -1
19.345678881542103 11.647877883321808 -1
11.061134083068323 16.915045751802307 1
1.811669750839695 19.966667313392634 -1
13.922442861892918 0.5216504528739119 -1
5.011381080959129 11.38824387543725 1
17.747639430555147 14.214882256267689 -1
8.17104802958677 5.293225879339662 1
19.775185255077094 13.404850075830897 -1
4.405403264261594 7.426882180507286 1
15.595002174474313 11.37012018659175 1
5.9588498547041135 15.704322458817675 1
19.04803335305862 16.96378092839231 -1
4.62975009275842 1.1103533706034252 -1
10.543634517304206 18.17914678657193 -1
10.7331553152133 15.826939798251276 1
4.353823900111449 3.78281014204195 -1
6.10072566461503 10.229105998843968 1
14.062106015721758 12.279848641661282 1
4.637079826021164 0.8880151909670375 -1
2.3895658748105864 6.233933416567458 -1
13.047292709630884 4.848683716834219 1
1.6032717476744507 0.28096374266695534 -1
7.417542103193808 6.8959105198762245 1
7.804416929136988 0.9753181118996457 -1
4.735080804667337 4.875186971676966 -1
1.9086136667000986 7.586193682394291 -1
13.367184533854633 5.691952129903943 1
2.6307487632985382 15.984757039844109 -1
12.552020534463868 19.086069467657783 -1
13.832545634793366 18.26037166557715 -1
5.583866943929394 0.6728916973923837 -1
13.716625591304917 8.942490824689216 1
1.745914583820376 7.758881441078134 -1
16.508913795527725 12.585624802235852 -1
9.915786435660499 7.359505531155948 1
13.031481187705063 3.405354796131572 -1
7.577431279662221 18.083634299598238 -1
4.520591137673309 6.961348692695665 1
16.004845581986537 6.228056151624946 -1
2.3479540331854354 2.5471106243364794 -1
14.755205888383562 18.431009729905078 -1
6.621124677940586 1.7046441606883378 -1
6.979465620639694 3.2534048326739784 -1
4.827145541613794 12.812903532970665 1
8.170265070594628 3.759021681892183 1
17.42723734602872 17.068730723092425 -1
0.6916454379449188 10.611952446082405 -1
7.142708315580832 5.7621130992323355 1
0.40467716336817006 4.5137103901502496 -1
12.781859568676195 12.067418953653677 1
17.810716984800397 18.707884823604434 -1
3.4350096209796455 16.916656582463176 -1
3.2961163643747993 2.192794229943762 -1
16.918390099674014 16.34396768970693 -1
15.804801332327097 4.7839000404336325 -1
13.437075704356143 6.2601035035741415 1
8.89160289031593 11.273762544690287 1
9.919720695980219 4.86642954354471 1
2.846999995941688 0.7233040406876734 -1
2.471294396826562 17.496617814942994 -1
2.8630249063445024 0.8188068475458232 -1
10.129966698508088 10.750590557473178 1
13.182874214458424 18.84644353702182 -1
2.8543713332253695 6.393822252756629 -1
16.69567887074532 1.0386720930084326 -1
16.639961205620306 13.919781433920996 -1
19.679608745657525 16.497092734623052 -1
15.738409723182656 14.123792913363305 -1
6.838951507103392 13.545799202789413 1
11.65388878889986 10.813258748338813 1
2.5502187017817946 9.239234826257913 -1
18.61028241484568 12.75473952425809 -1
8.733121366343756 11.711103520319902 1
4.074631821841386 12.83230481635082 1
16.877930896461177 17.471915811327758 -1
12.244148053221872 1.3471611433414532 -1
17.15777225204436 1.1107976729379265 -1
18.95735719315582 11.42671804731696 -1
6.395835506729082 2.9287408174097007 -1
1.7399915812503397 6.790834142170626 -1
1.8189304670351891 11.003544965577861 -1
12.616278730162504 8.76076119604613 1
16.139309865582682 6.4303468073580845 -1
18.961968477732025 1.1256518017683392 -1
13.64430623663279 14.273019586665042 1
1.4420564410291048 2.2721440706721596 -1
14.459946120884508 6.687803761705188 1
7.009824235539837 3.5072597499698532 -1
3.64370493543682 5.708040385178363 -1
10.090417241357379 8.519655295522162 1
15.19459501520574 10.714260570468602 1
19.337823882176387 12.13406853652619 -1
19.702492908546507 18.38063563414511 -1
10.252127532438891 14.043830322384947 1
13.61306424951338 0.7940327598617714 -1
8.084412518328246 0.5973766144743742 -1
6.403451172140587 5.014007522311852 1
1.588005325807278 1.1206783234285878 -1
0.01650659713239966 11.703752124650933 -1
3.9481987803215257 6.15098440184606 -1
3.261459735298875 7.594743397992227 -1
12.709136771590018 13.628893063373193 1
1.648927473523174 0.6920958354796158 -1
6.156790970736017 4.154721913722219 1
16.539711460512326 7.407802108948836 -1
7.5206864534424405 14.570116472656684 1
4.0692113861548425 4.472444278599424 -1
1.9918671006164534 5.340433246463164 -1
17.63001707112282 12.769726123150143 -1
4.79713968039434 4.930061930394116 -1
3.9489722938068605 10.569644165621261 1
10.867623070650795 11.2680010412196 1
10.231754021369028 11.011788356037126 1
7.529051325239724 16.080973418142786 1
3.242755711220977 10.48112091834583 1
17.066338522075593 1.273463816307645 -1
6.857581403806781 10.773354874025394 1
13.818764065325428 16.57203722941183 -1
17.861299929435614 11.000910558982113 -1
16.39112276255341 12.744426813091074 1
18.949360087447275 12.427765498480065 -1
0.09808169279664769 3.0880039136949056 -1
6.630915760584186 18.613905559623475 -1
0.5339165790376921 1.2726227250415323 -1
14.51044740770782 5.600857266959471 1
11.388184384486395 3.989562448392332 1
16.875038559660997 17.94208407581666 -1
16.078267128032618 0.6014986409492051 -1
0.2823138493554356 8.450905899006996 -1
13.469881008686428 0.7694920575995368 -1
6.196457729149623 1.376161857220357 -1
5.933700328616394 11.51604876477386 1
7.973237274564702 1.5198652097566034 -1
6.145169079026729 0.46176594215768363 -1
5.154708420112151 9.912772044419365 1
14.646939869209035 3.531611629505329 -1
14.607644668735297 5.088869047444571 1
1.694032677743913 9.730139809177425 -1
10.730616035509364 16.85608469210155 1
7.371400656466993 19.67706230721958 -1
7.2030019192949535 16.38957958261135 1
5.330557214770344 2.915352051404425 -1
5.709257825483887 7.909049745191266 1
17.501172081104183 9.299710440723148 -1
16.287594541428362 13.644183628031534 -1
2.4399350432726097 8.858491479107284 -1
2.9757567650498506 16.295611820437593 -1
6.186441843078924 18.9990406166473 -1
19.77203194863044 10.89391737183827 -1
7.56684736755205 7.398850880478156 1
17.01979005770818 13.106295106807922 -1
19.36501574328854 14.808276892150635 -1
14.055077273046702 12.133526572265641 1
10.889843794969025 10.197920768416592 1
0.3024342673653879 1.1781455659824558 -1
16.81998026282571 12.655502534313888 -1
2.3778992938054655 0.8027589766617993 -1
5.596127967887337 1.7946616750804956 -1
6.70587466773203 0.06575552922609251 -1
5.398422169753623 5.291794296113781 1
3.7893199722547855 19.34236808696707 -1
6.42124510316703 6.914751151215954 1
14.96037789532627 5.178234545449609 1
7.631135894641197 9.232846997140783 1
10.260201653277583 3.427120893258213 1
11.688826256731923 4.460089575010102 1
7.981191565410888 19.822256380127087 -1
2.491573528445281 1.6523574614440384 -1
13.70363626861467 17.067145330400194 -1
4.438637363263444 6.995039842371844 1
9.64488769713704 0.583165183527059 -1
9.411045995207045 12.318651031736497 1
5.00129374643246 13.630261936823306 1
7.401959885122967 11.979983706571877 1
10.778993453350461 15.476640605597773 1
3.0965463973211627 3.045523141609938 -1
11.081146214217881 18.85441115452878 -1
2.669129320130299 13.770199873207282 -1
3.580892939111866 17.55595706409753 -1
6.212988380581135 15.379374088257883 1
4.987670825118451 12.605151876406504 1
8.345059074115252 19.46060285778392 -1
4.97776726994978 3.572865816441191 -1
0.35038370860400514 0.19333922169830542 -1
13.386500214067638 15.387733846314514 1
10.885790231804073 9.07483485099563 1
2.374163659826818 9.835191581889951 -1
12.075906006356647 18.360796206921034 -1
16.70479102710805 1.5231281131565422 -1
12.445706489676027 17.98466119697413 -1
9.847879629013256 6.049789069166689 1
5.458156492417132 4.413096074099898 -1
6.764994428293141 12.469739811895167 1
7.74915636982019 19.976379829184715 -1
6.118139756949706 4.904005610667934 1
5.093966904747282 16.679192980658065 -1
4.594777231885113 6.599053032372844 1
19.611317266273243 0.5202916452620476 -1
17.924437212793205 2.6920893697140946 -1
10.794376001782888 2.95649262163052 -1
0.00028527024628965947 3.8503620361653446 -1
16.74617775109179 2.3296753561973937 -1
11.949194072687071 3.7648821299317348 1
9.825710633179261 3.9577189662881906 1
12.80984544825217 13.783006984738035 1
15.412369761612085 5.177402991016917 -1
1.6776066342153517 3.203439122079712 -1
10.574724045391077 5.053365885951308 1
6.351826244507528 13.306903032052029 1
8.466150936200032 3.7563798798675285 1
10.817850479359233 0.12040077430051532 -1
15.891847578073474 13.457374074601011 1
16.57912480726503 1.0089185481160334 -1
1.4736247071391095 6.891228676211871 -1
8.625827603309427 13.037081919569156 1
17.73522634820273 8.953843286082545 -1
9.909188729858002 7.673286108514869 1
5.6775106383699425 7.517746099094387 1
4.340930724955125 12.437581046201737 1
14.561752566088419 9.928594066447838 1
4.849096334780574 15.88553344512709 -1
8.679195881721004 15.40966949297804 1
18.361545163404312 11.598122389473724 -1
13.190566232061826 13.401206154935984 1
19.320098218654014 5.982021591129973 -1
11.758984378197717 5.040134044250397 1
4.2414425652281995 7.621130825441749 1
16.91514421138856 17.982334934128076 -1
14.328383436565257 19.705748959014766 -1
19.895065493851526 19.17851338665164 -1
9.66598715125375 15.206268628806557 1
13.89739337652195 18.25222899178145 -1
6.554052149153877 6.937502590743591 1
5.8686063135608 11.924109229363635 1
14.95969604461437 13.964292096422016 1
17.00806983461646 2.140715914001048 -1
2.3874353683087945 15.686322258419537 -1
0.16481323663209535 17.174789803953285 -1
1.7019666797484678 8.630962015739534 -1
14.752446125080837 13.707815941485883 1
10.311600996090355 16.89464641728934 1
6.515282601511583 9.86182570409682 1
5.834407056896536 14.321263217834133 1
1.8325589654407404 3.3292984088583966 -1
17.62338115474173 8.932913416861144 -1
11.201486714731399 3.0144527545346755 -1
13.316184782116483 8.70407809134172 1
1.9373278595582044 18.171436676490753 -1
15.558662725750692 14.56967416601626 -1
16.97922162816836 1.7258667421969287 -1
13.908702666143707 8.471802985702297 1
13.77753907806262 2.178787457476965 -1
2.404191995506939 0.09064036366417838 -1
0.25110831542207945 12.580788013129752 -1
15.325928174181476 17.5872873988035 -1
14.12794790760126 4.103727347109054 -1
6.736216708020164 19.69891377334415 -1
13.387883563998233 10.891857790845679 1
2.8554386076894467 4.805414297115911 -1
2.8661936342377725 7.20998225807117 -1
14.055287167511711 19.398376946765264 -1
19.021853731144343 5.564673037937831 -1
8.122395986744735 11.894065815072262 1
6.802108023874911 15.928590141855503 1
14.165242677051488 1.1127422240235219 -1
7.374447298929024 15.648747126267445 1
17.445370381610388 5.155170258216495 -1
7.125222597365324 3.885305121166982 1
14.788893353555743 17.29824714237056 -1
18.56502384984303 4.106799394666658 -1
1.8674179079169861 19.766821581014213 -1
16.061557608314544 7.358973249471892 1
1.7468410070903517 6.745108737066969 -1
9.851245728007349 11.204844858042385 1
11.409307179274943 0.4606978410077711 -1
17.684932198696465 3.9318211548491555 -1
15.987406480973343 12.048715968612884 1
4.637147396474948 5.40419683917637 -1
4.889416666850703 11.797378248311162 1
7.889600296053036 18.358763185687053 -1
16.948972144106214 6.2925730765370265 -1
7.587947900706807 17.08240225126886 -1
11.315495441228386 8.176519865311676 1
11.818458558540165 12.106285247964895 1
15.67785156710097 16.049614138778853 -1
5.984853719492664 2.9631417086277745 -1
3.462945011686538 10.00711247771342 1
1.21708137633884 0.3227816549431628 -1
3.2404161121833885 9.833028645731009 1
11.727536327215029 10.789203575072026 1
7.991547515580814 18.563369052023543 -1
17.612141593567003 7.880052654065666 -1
5.865712743027132 3.8225554590151845 -1
0.8220636851917762 7.33498469908138 -1
9.294926037641432 17.86904915710349 -1
17.58741181624608 3.984516911011109 -1
5.527209076494941 7.576231154929179 1
0.5271073620307876 17.158401471869166 -1
7.846956631904371 10.672622772412153 1
7.410951137913367 5.818209458785486 1
19.166360878474688 5.422409344816539 -1
13.922349503868476 14.248785677792705 1
13.753740357428306 6.672102317455531 1
10.496746233460904 6.306355229678866 1
10.103116164435491 11.937324765152812 1
0.3873687056042008 9.471437458756553 -1
1.3970416708406819 1.5288614585920457 -1
1.7959587131157195 6.63463275295584 -1
3.6705315333293154 16.842080252509728 -1
9.194365612407116 3.758933317682407 1
4.447942733584707 15.007218983586677 -1
13.865311481023923 15.467415253968028 1
7.38398774560125 3.167166613051806 -1
1.6478146531657023 9.317919875924403 -1
2.7490731044564076 19.31921936520459 -1
14.172858122086119 19.722309979190026 -1
10.637317724741601 0.28690757608051953 -1
5.626979702044785 5.189829085055477 1
17.23269859230687 6.695705473229405 -1
17.69499189487626 14.499353802113205 -1
9.573975821261637 14.273977280614007 1
7.36286442311362 5.710709260962441 1
15.433418553889622 18.941704735234563 -1
12.03353219132272 15.998015735053956 1
7.951055160847229 8.776323524896943 1
2.263230573186419 0.9281225934408543 -1
12.373597963569548 12.52389547379707 1
10.611943202329176 11.185483701429446 1
19.395472758359467 15.90170159513114 -1
0.7129254335046831 17.779989386329728 -1
14.378240313162898 16.297070531790414 -1
16.551237359512044 0.30489757439573495 -1
5.583136847545173 9.062088993191818 1
4.538622134128161 16.319816582959934 -1
6.381592814395278 1.947346088010149 -1
8.20355978326307 11.361452289073451 1
7.874244887812527 4.268559916419939 1
2.254762047864163 18.588635055424675 -1
12.72882558114972 16.71785322014489 -1
15.150834400248694 6.735703101114554 1
0.5044256429142191 18.753381095845416 -1
0.5076718210474906 17.392569452946354 -1
5.274677064328229 15.643013182348753 -1
11.709220347736247 6.900416566783569 1
1.7933015259176055 18.61858575338427 -1
17.33377550844559 17.112875152883056 -1
11.754187372224136 2.5954770122847637 -1
10.90349229030258 10.979404496820326 1
12.943925232780147 7.40627569123159 1
9.048244207565821 13.64728508696656 1
4.110276882392235 17.888752798482447 -1
8.892944714181617 15.512805601718803 1
11.49055247746231 10.557489967790971 1
2.456607371273587 2.655678633170009 -1
11.279389832582341 15.878992955628588 1
1.5810881246170028 13.23763200283097 -1
3.3900071160045675 19.206833308112373 -1
4.577051218313645 10.49782371646752 1
15.533823516062101 4.7700293004735395 -1
12.927224637767058 8.046895582966329 1
12.90086353916269 18.26099721486381 -1
3.4271702737955967 5.664679487700537 -1
15.735409138144616 9.708364262122782 1
2.177782475353758 13.774475591763029 -1
18.278209435795468 11.755507989951319 -1
17.623333174042646 13.468672453152886 -1
5.675633722400349 10.797807986447317 1
17.153456150713374 18.519671944970437 -1
0.6981981460556419 16.605479117805054 -1
2.6630613170889395 15.981446716290392 -1
12.19182684378368 3.9595739660882256 1
17.79186244706584 19.29562694803582 -1
18.83432379459035 3.0964681955609796 -1
18.281316820082367 17.081497447693724 -1
8.660640829481544 12.572050617282668 1
5.0660294853330985 9.835481357450774 1
8.028302822715396 5.990984844459401 1
12.989144046050809 2.627674607701742 -1
15.618653641165967 5.124031789559336 -1
7.971744819595992 6.804800943542746 1
9.638556726998697 5.796353124653799 1
11.3856737246199 10.235935904966503 1
3.986064257891442 10.631335293359514 1
2.7850717045003814 3.2135312121600412 -1
14.427889063554094 14.22713731928448 1
8.683735718065318 4.75904101085582 1
18.911383983353424 14.35610118857522 -1
0.31834735470466446 12.204735619044351 -1
7.098524565704647 9.626555410294548 1
3.597414207555696 18.818169898302965 -1
12.556396872831607 11.41680294423936 1
12.991338743244347 12.429613636495567 1
5.641496356693696 15.120937766039566 1
17.713750831364 2.362141637666322 -1
4.223152087927513 13.519816987896036 1
9.24762213449386 9.987344513837543 1
8.212122533874517 6.883016441356283 1
4.44939621903635 11.88412660012274 1
3.644173920584426 1.6745194089986826 -1
14.584770114288153 13.784685056074135 1
0.1530259729451866 7.4964666453376765 -1
5.623372663165254 13.307557633818028 1
3.8389012974752146 12.205355511435176 1
14.881717202877935 12.741476689865028 1
14.1162391259338 19.358730881349363 -1
17.826620219631714 8.026608955830906 -1
7.28319531656677 1.069682027095551 -1
1.8065699081644593 18.17522464994658 -1
19.545891826669898 2.9254682747509997 -1
6.498558913532991 8.527073138324086 1
18.40973141241037 7.992782464997925 -1
16.629275164462864 11.691241409036719 1
7.462959406409961 1.9578299758907902 -1
11.824403592268514 8.314483868187526 1
18.21891086523375 0.24231143303473646 -1
15.017985366304385 17.78367825064999 -1
19.43356845154431 6.732527449704664 -1
7.550270988487712 19.329385250283913 -1
13.316097503671829 13.529464775877871 1
10.478849494687966 0.5130153378289082 -1
14.908790147798644 0.42340334444174177 -1
13.970448347745926 9.18601734732806 1
0.7551377587420105 1.1244208565624114 -1
2.2017543107809834 12.09973188293402 -1
15.792380755635305 19.694697583710443 -1
4.425310488604071 17.706163858651887 -1
13.312815309493157 11.298484130041555 1
2.243910423674653 19.757295066222138 -1
4.751518739888205 0.8706316364627309 -1
2.6098429568545622 19.527655220035342 -1
1.653144538110336 14.886201764725715 -1
16.865082610707237 18.931964171127227 -1
0.22061219984831126 4.707806021931562 -1
5.202783269109858 14.277189488049872 1
12.875721966222809 9.115229804003391 1
18.28802585954309 1.2149718389220565 -1
7.575357464120705 10.59341948977947 1
0.48846707248416 8.442789101142033 -1
16.51613807646015 5.547539532149215 -1
16.086904755455183 7.377298603760661 1
4.424133356556301 15.043843713902227 -1
12.831294356934631 14.48485714088993 1
7.1995045136437135 3.905473352124351 1
18.785333892647888 8.465989377971098 -1
9.454969945476659 8.123085287224118 1
17.6078777171966 3.3126054256277238 -1
11.633771758932152 11.147330475860183 1
19.60345401213106 6.425368744145496 -1
15.017232501978054 3.6054062165964895 -1
14.052227270269315 17.331213035425964 -1
10.829713598110377 5.235910254892826 1
13.339776260481484 3.667763323079256 -1
9.55357765445324 13.199339450409388 1
3.4916153000226857 12.89795281941171 -1
6.977152596161986 2.399050162904668 -1
16.762748281221718 10.838292689843321 1
10.24301427707063 4.106032917419327 1
8.518181920986944 8.997259443479088 1
18.887764015640663 17.4099385670845 -1
11.083718576479054 7.019665157842036 1
2.47272189451196 15.921184103956792 -1
7.191573745892425 2.8632518699736 -1
5.730530194002363 9.656935593009724 1
0.46340645528271995 16.526747945440878 -1
7.555284857744475 0.7549397576502725 -1
13.266061419617612 14.641945022861275 1
1.3784047222857043 3.7479798102794692 -1
4.194212859467699 2.3882460394517846 -1
2.682993606318562 5.999948587988618 -1
13.717269543035002 14.156631357185734 1
16.47277403158457 12.349946223526738 1
7.534773151888892 0.7514677953641491 -1
18.650075863681842 13.922877956856281 -1
9.843629589725056 4.194471994400242 1
15.043236807744087 15.045968843521827 -1
5.492662509681148 18.578087658000698 -1
15.422533231960639 1.8450269663347507 -1
18.917495867799758 1.7059350366926962 -1
17.264514638217914 11.784209578772293 -1
12.909996574815143 5.273893721032761 1
10.128477975504717 8.943703906713033 1
10.622276205189557 8.297738734280431 1
3.1441578815505866 16.592245829510293 -1
18.709231033821276 11.995083504123535 -1
15.396243107621146 8.206331381701128 1
16.853611984186653 15.675340896853571 -1
18.495122770847633 8.716337827742661 -1
4.771080895965798 19.74140999695151 -1
1.4711506767673899 19.38351214221932 -1
10.799725528109338 7.055592624413334 1
5.502806813233265 3.5446487617113465 -1
7.391364610172088 4.445032354078151 1
8.829121866301055 0.20035990590972608 -1
16.04138092963919 1.8990616234266455 -1
7.2681659847463 2.8314636399371196 -1
15.511743530957865 10.919977661818592 1
8.840747193438983 12.61935280501832 1
8.860646209006699 1.7463936448217288 -1
1.961272991679166 14.36163886804221 -1
10.101137793326846 18.271962960564718 -1
17.117505013256448 14.78931212245266 -1
3.902592394946971 14.235573538313915 -1
18.171634287074244 3.587360278574825 -1
1.691261075892465 17.33573151230989 -1
13.2803858016686 18.234722347987123 -1
10.165078279564817 19.695981077958006 -1
1.6210826971061398 18.79693040423282 -1
17.11713547223686 2.690927499661675 -1
2.55719114308137 3.7617730745319267 -1
14.391101560130686 0.3685816883489723 -1
11.00959279088595 7.610885977118491 1
5.744306809313738 18.606311929679354 -1
17.799086855406014 9.332596894540746 -1
8.100737283192982 15.289389765895862 1
2.8879582083724387 8.387920292068996 -1
7.594645918970899 15.357205406777894 1
14.45429079922452 10.127162883439649 1
1.423103981596796 16.568693820527137 -1
14.064688574346299 8.006733210567754 1
14.043920913464733 14.284362644873262 1
11.367481965666403 14.277575331549828 1
15.061572463786364 11.298291173777306 1
12.259641475740722 8.97252281017228 1
10.436271320203758 3.8535624159365067 1
10.975721233019069 10.279122694837742 1
6.8614928238213135 7.510920807802206 1
11.756651967849024 11.522554038109288 1
12.865187185855769 15.688022729913929 1
11.785153402344639 9.310550503912387 1
11.243138172702462 4.829297277596714 1
16.35101228567757 11.252580110686912 1
10.107078124157585 12.523712931765303 1
11.34364233877562 13.899833357802889 1
15.92666351380535 12.244719226902474 1
9.043118230968583 15.774948721968563 1
10.02155929044111 14.451058151047604 1
6.010257452408223 6.714405363346612 1
6.643248613311674 7.704087020430029 1
12.140170446165923 7.172304336435243 1
12.746124141065547 6.310015758016454 1
13.293897128374926 12.432999732950698 1
14.972029645937315 11.192212354823416 1
12.845769532407536 13.87780278733852 1
4.147765382378914 7.709758936728221 1
8.638462791139887 7.130080437826529 1
15.352676903059058 11.289126620672224 1
10.59694401406577 9.793050340361429 1
10.08478632809113 10.743138702505528 1
5.6875155181319155 8.625756064023458 1
15.247332122424977 8.417749865682588 1
12.55484502594993 5.704024874073037 1
3.9292093768773984 9.090229023480838 1
7.5558880618073605 8.238918423932828 1
5.27558997356834 8.791859916770395 1
5.034977617820216 9.962198519643506 1
14.06664098521529 5.500966170998343 1
5.88482644422057 4.636451981504566 1
15.579140170439539 6.406743691137766 1
16.14950648093648 9.854198358412384 1
9.579489892678366 16.503963427081516 1
4.146003554231232 12.287209124653842 1
12.472161175679148 16.37138292468216 1
7.961155805549501 11.302417864516867 1
11.07586401170919 16.874549631101974 1
13.883205851267068 15.38204674181976 1
12.45398995935226 10.516879257259781 1
7.239925025814156 11.377246252118827 1
8.98070601817164 7.853040336988499 1
10.357096611685446 11.340826762562582 1
15.053960612239038 5.240584753744855 1
11.241749814448701 9.043185132612399 1
4.052045211604454 13.057456569829851 1
11.105679027947167 6.256555166842917 1
11.284414351185049 15.90334864897764 1
7.660809094069272 13.431386794550201 1
7.801019061783001 5.127761330967844 1
16.43146232887422 8.742536570935922 1
7.295946608779198 12.917442871576117 1
11.615252141893391 14.1911890120259 1
3.4426987126479514 9.563805946554353 1
13.875215219574402 12.580965679700807 1
4.1205256407854325 13.540965237533156 1
10.365607688296578 14.443726116803683 1
6.27921553115719 6.1476925001006055 1
6.23553668502338 11.996136044220062 1
10.970825103012267 15.78349154837082 1
8.447891599956973 8.263221670554364 1
14.363645992773815 7.306744910043895 1
13.159081042368 8.418814606716412 1
12.453294647067361 7.941141698093412 1
8.41965817416288 3.8064678515512984 1
7.551866685178821 8.695914117679207 1
3.238313310014158 9.659425585963614 1
14.105575306253222 7.383441566210203 1
5.039648238282131 14.202182109192734 1
15.141237426756902 7.351811000042203 1
14.764403979702257 5.420934348560465 1
8.628795822464015 15.317381630725961 1
13.540532276213522 12.397387602247655 1
11.341047293836633 13.746043598209587 1
10.08664253376863 3.3606618726168414 1
6.883478805978866 8.24532735337991 1
13.589907517183374 6.953268868848939 1
9.851071253343125 6.2160736821796885 1
3.6941567237348027 8.448232375383737 1
8.665149963728418 16.0200257633675 1
11.437405200265538 7.6664313624238645 1
4.140084043904149 6.312104957353237 1
8.069975511376914 3.6378534966694165 1
6.922378163576271 14.67817952286011 1
13.028367271826465 15.625724337368682 1
16.646208306943556 8.169319199574897 1
16.177688333562227 9.815027030438486 1
13.88065111665304 13.252305260228557 1
12.957949355263105 11.269764202056168 1
10.254868215623063 3.82261719975733 1
8.704802876600521 8.451065507895619 1
10.547100687642585 9.170563893176745 1
6.209243132693598 8.801073251433923 1
15.435591783297639 7.149891693002375 1
12.823257227816867 7.958121552479252 1
9.791889265875506 3.916969399571537 1
16.461390596015047 11.39264513467614 1
9.02063067510322 4.548811312311272 1
10.621102318829365 3.2888160690432655 1
6.317480687429047 5.912753284688412 1
5.679341376857813 9.640302373720486 1
15.161106782520593 9.813066156393074 1
14.369812004894841 10.769198559982042 1
3.6942937735846937 8.765564744869403 1
14.514711585230025 8.420508452353426 1
14.985802837461229 9.61212708441444 1
8.453218829083355 9.665776197083748 1
12.535861535667825 10.747200231939843 1
9.069219257383018 10.420516496962167 1
13.420810779604057 13.99038972405544 1
10.72564879843213 8.526070753433906 1
15.462492508806196 6.9654403184047275 1
3.7065839435255654 13.018046742626927 1
8.51305360609761 3.7761479091189343 1
15.464682922023636 11.662761520511157 1
5.731471690335144 15.471296443142126 1
5.499611480949276 7.05620670943633 1
4.111425656264331 12.51037304751148 1
13.112970522929855 3.869272921849458 1
7.320492441558133 7.783900888403769 1
9.407373677717493 16.12812127951726 1
14.945256391220113 10.835040813911833 1
5.933180309425392 5.010406006989863 1
5.196668243844815 9.617994911920785 1
8.942843515299108 8.568594533242715 1
10.651491791733282 6.767049195011021 1
6.934724474363807 10.333765707840374 1
7.439527092223703 5.684842220158917 1
15.746661796637477 11.847838716345592 1
8.878971581424388 9.781001717072488 1
5.197374357547984 5.751679812794366 1
10.11456398351446 3.1013036351823775 1
13.705029443748113 13.384376982135628 1
12.1868991336611 16.164552999859644 1
11.106452356892547 8.47530438031285 1
7.077137950349672 10.815241868422667 1
3.680315876315432 7.7324200309387585 1
10.138423718704697 4.835626357237084 1
14.438570730837082 12.209164459676183 1
4.846721796244433 8.810121306495658 1
8.000428259669654 4.268275160275792 1
7.5195980486881915 11.058443547484103 1
14.89763756665197 11.937353676075691 1
15.312094691868221 12.486434907303575 1
11.548380899811656 12.295272982659641 1
5.528675294996734 6.099242945523915 1
4.708651077696839 13.25089782304764 1
10.188999419633888 8.662661494347217 1
13.598508846241998 15.247909197804173 1
7.588963065083263 14.845270872404082 1
11.657678054134177 5.350283654506251 1
14.275501013616719 9.045561116538043 1
10.308963964052893 4.672399595593879 1
15.297251784982393 5.821848371380087 1
8.498206977548719 14.327816714584698 1
11.554765787722163 9.549699954137942 1
7.232754459416073 7.134022018491438 1
7.032798698269341 8.0849561762048 1
4.172339479837706 6.181825716529437 1
7.17743910879177 6.77667781861254 1
14.917991551611717 11.503375611982221 1
10.674428093366327 10.683870069172961 1
10.035970397775824 11.064907407073829 1
11.270326950288785 15.716060305044808 1
7.1771779726350005 12.649157948831366 1
6.207271700936232 10.791903470792937 1
8.911472100652043 9.423327609318434 1
14.494300385877468 5.466038379254101 1
10.617010150759906 4.091083338602431 1
8.346095038662916 3.5851292814858726 1
7.488564192928322 6.2754626756789555 1
13.984337415209742 14.64767371550244 1
11.566728992853562 8.164596355311968 1
5.242936582067639 13.76195557273184 1
13.837717268020121 10.580819236957028 1
6.395925439732581 11.149783287541954 1
16.217730952376435 7.016716524964544 1
5.584212102510113 14.313497547421576 1
6.828096659205823 10.86809329387918 1
13.103331624392851 9.808198293740256 1
4.4828883053715 14.02652984694498 1
10.501894066801185 11.64377825524349 1
8.369599056213154 11.134416254140229 1
10.988325563320565 10.676287145698646 1
13.457991092701603 7.732022773217107 1
5.3278714801191285 10.200746607247249 1
16.131083032375948 13.017096035836458 1
6.686653416781409 14.603106313118872 1
7.190447079872165 5.120030008586385 1
10.196682584588872 11.567639224436814 1
8.184142084269528 7.7473607033352865 1
10.090849682737105 3.583012096079663 1
4.026733377551528 11.022920158557097 1
12.76492013361253 5.783427061903881 1
9.547606487548737 8.966913632681363 1
9.003441039045011 10.170706959535735 1
13.920409349669516 15.658725896110752 1
8.087116591413032 12.788081489820408 1
14.172835935884113 7.9558914696316325 1
5.814643620850548 12.719396871274888 1
16.500759641901443 12.430362447745164 1
6.4767797138656285 8.203070626499812 1
7.057088964777178 16.234018598483026 1
7.861855418900586 7.44348073972918 1
8.87395197234023 9.092248008424285 1
9.911981221447233 14.75746316632302 1
15.339133058763355 13.758799230968693 1
5.9557323286513615 4.588492354479834 1
7.097511080766184 12.121462715545732 1
14.58189173837981 11.47892637867056 1
13.239316313263007 7.295371397436687 1
12.425105094524264 8.587208162119948 1
13.90193755624912 5.265841004755549 1
7.55191923314978 8.697998793803878 1
3.7290537335793172 9.46240989367891 1
10.673179121480024 14.687949819898897 1
6.981039736576635 6.257584633448385 1
6.96679923688555 15.479136616297986 1
7.774178636151787 8.655033021934983 1
15.272642768215523 9.841243209637447 1
16.625906375017212 9.788184756446201 1
12.564161055884933 10.155722664438242 1
12.768479951713253 15.826355987081888 1
7.586472439749345 4.204379482396556 1
9.228583710234064 10.811352766661964 1
16.298440151828654 9.86536395574258 1
15.417365507991859 12.26041889874407 1
8.824562072971263 11.45883609726557 1
10.18696859021016 5.093008178704812 1
8.089838692664511 13.054313302880718 1
6.132662517241252 15.471894116951415 1
11.66371218491052 9.124547552627407 1
5.678582271434072 9.852154658020488 1
16.105513423289807 10.418317660453402 1
9.707739726806686 11.893218871033596 1
14.702349954967506 10.236780838574917 1
3.71189535071363 12.661111692265203 1
8.87637120490632 5.864988388672336 1
8.723473147128153 10.946009019826041 1
7.398394645864346 6.034511109183194 1
7.784293958916592 4.304740950736963 1
6.8316997046309975 10.501673209727361 1
10.150056760724988 5.655322088019035 1
11.291145669443438 9.251883653331106 1
7.8731875853258915 14.42221190983522 1
4.9196206759029 13.767120178645209 1
11.91994510110465 7.485985106750526 1
13.776363511043586 9.655863656705886 1
14.59670508950598 4.91110250999956 1
7.436202017146418 8.20444609829167 1
16.516435075023818 12.484569326736386 1
7.433849890552038 7.180035373101763 1
4.754549128480841 7.593817847999427 1
10.001597676787844 13.96883100679749 1
7.044381086439831 4.07983627421336 1
6.978061256765646 9.687749457635846 1
11.070256790959112 11.094203783913487 1
11.969466221206726 5.270483835597231 1
12.32922375495468 9.330615599864199 1
8.05458578832275 6.474228877854329 1
7.192897024826992 7.50783453593564 1
9.09066208081644 14.015323317011813 1
11.140359796321926 7.175953470306764 1
7.843799077350546 10.710759111777993 1
13.541992104959348 13.551750130969971 1
15.183712252902744 14.529163081304503 1
13.454625196916405 13.719983976718664 1
4.250819844000193 11.814204623989921 1
14.610643115033247 9.353407655098042 1
7.903530677536914 8.404785555343771 1
5.673330352759813 8.380491516028599 1
11.346427007415931 13.298664457572691 1
12.07004663974692 3.9213985415614405 1
10.236469741328838 5.1380394137855685 1
4.87221890090944 8.25009218942186 1
8.697044152909168 13.893448294628508 1
5.105622408920974 6.718556462922207 1
4.588355979106775 12.578542750662818 1
4.605909399184631 12.303332740805173 1
16.177321002224552 7.74445255857419 1
12.623118718392785 14.34741893915888 1
10.266682795574336 11.201485562476812 1
12.273063859620112 15.411037187794541 1
12.099510437517685 3.4185506301793844 1
9.627710014722187 10.168484335047616 1
3.297706895911361 8.623238330779712 1
9.923479954808252 12.589705817635329 1
10.053667893531845 13.059517949338979 1
6.507115643138928 9.447760510282205 1
10.643464980718907 16.36005497523182 1
11.994975560282892 11.328935420635428 1
12.762365637260425 6.463454968844767 1
15.602044516010254 10.80737336109598 1
9.624817246109147 9.396025573681934 1
11.248860182533475 13.122906336190084 1
12.913215211114203 9.311269042659427 1
13.24526359641238 15.126889342229582 1
10.094077409235895 15.393693069714063 1
15.288164153436963 13.8062121611485 1
4.2646882943535935 10.373788829115702 1
8.967749179639418 3.9742257807842796 1
10.901192177913275 5.536221015612883 1
9.074049000051517 15.208592120517853 1
15.761644784351178 10.883302943321967 1
10.922266938775598 14.742207750023503 1
15.67276075448898 7.927516524883574 1
6.572922875498552 8.71239204597309 1
7.729835114517711 6.0395880863130085 1
9.995224128502802 15.624396190828186 1
11.019774833229567 4.096842351262486 1
5.513720762301107 5.592533666007105 1
10.614935706504685 6.678611954079723 1
5.04647284431083 5.402974526314823 1
6.927277997376109 16.162100434412093 1
5.000619330737546 12.878298080561233 1
14.354847276977683 11.75911260253956 1
15.265438853241003 11.192194605075073 1
6.103431131070067 6.891739462202853 1
8.708344110209733 7.346058346175422 1
5.8552163892797315 9.415223359817722 1
15.313539976459548 14.531799520886604 1
9.663101512156658 6.933576609292491 1
15.300793945786072 8.634634708823562 1
8.282273494108964 11.166593807098067 1
15.867932778256682 8.202867449153342 1
8.681910578175804 6.849633624702138 1
11.343457611555142 15.37874187936702 1
11.323028112527528 5.830158502129907 1
8.392710105105131 6.489394429890332 1
16.49678815364371 9.596152464455061 1
10.490409613530684 12.530187687433239 1
10.552154363699797 5.759061001072969 1
7.952608832312482 9.305102303557645 1
16.74296233957769 11.869443647531384 1
8.947259574223981 11.757477787495851 1
13.433773847243666 6.087782492751861 1
12.041772283232783 12.248892027863958 1
15.470559327565232 13.389390914458916 1
15.306195086426937 12.675779729405214 1
10.442930280120706 13.42350689913822 1
11.367346533618344 15.019016848560288 1
9.205713811785659 8.547231591644312 1
8.712316320086327 10.929862083113612 1
5.334621672210707 11.223269596494877 1
7.061805118547852 13.82430415569372 1
12.27462302985904 9.796102070330372 1
5.197842959158663 14.760439668990916 1
16.294532978309693 11.148452247827477 1
11.373107938510664 4.767019271291904 1
6.0861048048989375 6.026090667924535 1
15.722158620641338 13.586738954029215 1
15.348531873732366 7.884406146049749 1
10.371029703795616 3.2244005868957193 1
9.110422646532339 9.195394105467699 1
6.4748383193234975 11.062699441939706 1
12.979599978108942 13.423273805144177 1
4.0185448635654115 9.600058200839634 1
13.93722125044879 8.780421567750874 1
15.059590626181746 9.184195054000668 1
16.970127976563955 9.373931452550298 1
13.472891603058796 16.06590349366045 1
6.652570514266447 13.980301636151655 1
9.940224543995415 10.919811142522972 1
5.237552063217281 6.959311778256502 1
15.075826920244314 11.264933632185844 1
9.058727375639162 6.192098173793332 1
12.5814200411224 11.111274970394206 1
11.848276330638951 14.21419198598633 1
13.462334877421572 12.435239859206149 1
7.133481734791602 5.867240313467386 1
9.770727909435632 10.729757812689025 1
6.736715081929081 5.650352690359675 1
14.540815542403829 10.846152552750244 1
5.296664847595913 11.670213488098337 1
9.836368772992127 6.116737589948418 1
7.694840544888038 11.592359091670685 1