18.0275142019 12.9763606997 1
7.89948900753 3.21368246031 1
1.96177856052 5.1114342248 1
11.3674935627 15.5074780773 -1
11.805686526 7.29537432323 -1
6.92369903744 13.9407463474 -1
11.4632120344 16.2413250524 -1
19.5387212976 2.78305045915 1
7.59574533763 13.1954443863 -1
18.5609980381 13.3624354485 1
17.4641164015 4.97052197704 1
15.9410793915 2.9536950992 1
4.33643239978 12.2675280086 -1
3.30842133457 18.0794959618 1
13.7229740497 5.06816816748 -1
6.10326533604 11.5940002424 -1
7.80725245183 12.4493887815 -1
14.1799150443 7.6396247548 -1
10.7313079658 15.6261976281 -1
12.2398098296 7.50740518197 -1
19.5399179901 9.55187130177 1
9.22854989229 12.3478973281 -1
11.0137703245 7.84870077458 -1
14.826353583 15.5012355068 1
15.6640564745 11.5752991026 -1
17.4049885393 3.33370433487 1
3.18559311493 12.3641507154 1
0.331374407996 0.562317796226 1
5.67832666588 11.061851663 -1
19.8890473108 4.61722834001 1
5.66255943877 17.7348151924 1
17.9509525057 4.47329984503 1
6.32905154187 3.24817977181 1
11.8953805796 7.32089023168 -1
9.81044831541 9.88006225607 -1
6.77630074625 18.4788176491 1
7.72614957093 10.5385565247 -1
5.76235194257 17.2971743026 1
12.3951157442 8.54746798341 -1
16.9470827096 16.4408053476 1
16.7222252274 1.24892372823 1
17.8513369182 17.8327556181 1
15.1083281423 10.0921866452 -1
18.9469805096 7.60506816936 1
10.4161098337 4.12122236526 -1
2.20324896837 17.6686762063 1
12.3479874032 9.0564800154 -1
8.81825247706 1.88898640048 1
12.1799051953 8.34784110835 -1
9.68641324993 7.65530633385 -1
3.93186224784 5.64762752852 1
19.4910415591 18.5339227461 1
18.3048557364 3.07547283764 1
16.8038777068 3.15086431939 1
17.5379612279 11.9645457838 1
17.1461057289 9.94258593879 1
12.5803143065 6.25513376656 -1
2.06953551117 1.6456802753 1
17.2439694835 11.8756093391 1
13.5537708831 8.67729702406 -1
18.188596871 7.91741926137 1
10.5894124068 12.6346376258 -1
0.574641491136 0.980747248878 1
0.786494784616 15.0988973172 1
1.75641544166 7.35488546528 1
9.85182622201 17.9331883569 1
19.1494577368 2.11148510914 1
3.41744099578 17.4594856314 1
10.7474705132 3.80863502948 -1
5.02720081522 6.30693215687 -1
2.58045372712 17.259926389 1
2.46447247577 15.5217834578 1
13.6255633748 15.3700399779 -1
1.76146696149 10.6030013044 1
4.12756937309 8.72778408988 -1
19.026811051 4.81191960885 1
16.8533020619 18.5942287111 1
8.44898286839 19.553063036 1
0.446533358594 16.9823791129 1
1.75682460955 6.59998152643 1
1.63230681961 19.8283733441 1
1.5690514561 0.194285079169 1
16.6386689579 3.40869323493 1
8.40392130482 12.0277681511 -1
13.3465012762 16.6266366754 1
16.0097891283 9.14236818177 -1
16.8222886607 10.2076957285 -1
0.300240649633 3.00398470288 1
0.48754688946 3.23371913161 1
11.2159816753 13.9619769413 -1
1.21948047408 5.91908818349 1
0.281539103378 4.27386144876 1
9.70027292205 12.3564002824 -1
10.2482509407 9.53251363597 -1
7.07143632084 12.514593557 -1
5.45242585844 1.71683576549 1
17.4913475624 4.61621293244 1
15.6662187083 12.5249687497 -1
3.2498451698 17.6422735271 1
1.66768239121 3.93581946925 1
2.02813903242 18.9965132365 1
3.26112951923 9.63680624681 -1
8.43380581133 2.78675155176 1
10.7943997787 8.72830965723 -1
10.7140230215 4.11353053267 -1
5.92303764793 2.41587333975 1
14.1326571392 6.86315319447 -1
10.3492704831 14.0900013993 -1
0.10971277843 3.55313766137 1
15.4682803396 19.0038873205 1
17.7368775219 16.5584098278 1
8.82097839078 17.2058228757 1
16.8712246401 2.52378973003 1
16.7946248722 18.330488837 1
4.37421191505 10.5236914624 -1
13.2071211668 16.2213666436 -1
12.1027900368 9.13604851521 -1
1.58247942344 7.67665207566 1
5.74694080733 19.5174226475 1
17.2045883696 18.3624269545 1
4.12022244985 15.798300411 1
0.0654333016984 9.94655449108 1
5.22797676459 16.9975448711 1
1.78435782887 10.675274783 1
6.35616670894 19.3478218796 1
12.320424455 5.00877723766 -1
3.80130973946 17.791544026 1
3.77999952864 2.11939370168 1
12.6533247159 12.8276786359 -1
8.33304557449 5.01197625995 -1
10.1022886016 17.9655911169 1
4.76941397627 2.0064260718 1
17.9044482242 4.12902424291 1
18.7102913135 12.0680144181 1
12.3388770538 15.9232855242 -1
16.9997157011 9.87468236976 1
3.76586742291 16.6720530069 1
9.57508541613 18.7882402657 1
5.4770896053 10.0870859149 -1
0.810430515643 1.17336511672 1
14.154908225 14.7302771847 -1
11.5849523699 15.0264774589 -1
16.7975523045 18.7355373648 1
8.81391905803 4.62970273383 -1
8.56200701291 12.1511564688 -1
19.7098254432 7.58573724847 1
18.693652065 16.6468198592 1
14.1833815949 5.07840388622 -1
4.94789794408 12.719388153 -1
17.4189927465 5.48718670879 1
1.93132576199 11.1963521537 1
5.83296305658 8.12777019831 -1
7.92488406317 7.47718245732 -1
8.56893473292 17.0095772217 1
16.2313424419 7.03182799095 -1
11.9671097413 4.42396676912 -1
10.9519120739 9.08562847286 -1
12.629393476 19.8663700536 1
0.510444796157 0.38825168397 1
13.5153457345 18.7474051984 1
2.41742356432 7.57827925098 1
0.420093451406 8.73388740425 1
12.856094871 16.7611383122 1
16.9950416352 13.9678465086 1
12.6205495681 14.0304316487 -1
4.30998440847 13.145585158 -1
2.38186906297 18.9247250994 1
6.09566596739 16.4934587055 1
17.1012163817 19.7683538318 1
2.7727961384 6.708299228 1
19.5981321139 7.44234574306 1
14.4082771332 15.5799723796 1
1.42232696347 5.16620897433 1
3.84804264911 18.2875887892 1
6.97889421588 7.36319581233 -1
9.92851013768 3.08137267572 -1
11.5381150877 10.3414490725 -1
9.36976133132 18.0006679378 1
9.64841959449 13.7288129235 -1
17.4372302647 15.3875885424 1
16.4627238578 7.86733147244 -1
1.15901688686 7.34422739809 1
7.00947226603 13.5414280174 -1
17.7406294398 14.4354839114 1
14.2191786069 11.5770802288 -1
7.32531824491 3.23578521773 1
6.14986433475 11.9280704127 -1
11.519774705 10.3132449479 -1
15.1297295635 10.3023617208 -1
8.00966941585 2.96143089013 1
0.482422557619 19.316617383 1
9.2189902732 19.16048934 1
12.8801738299 10.3841022505 -1
19.5542415197 6.92582790654 1
12.7974321964 19.9435816091 1
14.1872084601 1.9227546613 1
15.293611008 3.51277158386 1
16.6704295841 6.05126153346 1
1.04118943121 2.51724761586 1
3.46768109104 19.6307893064 1
7.99570786784 12.8130188025 -1
3.13898499832 19.6191357462 1
3.05775300053 8.08491904015 1
0.740152322454 7.89011305115 1
14.1398990769 8.3479213913 -1
1.67819874746 12.5991955434 1
0.00888982001973 17.37211966 1
6.84171720256 4.9297416053 -1
18.4469958654 14.9389117858 1
0.649397201797 1.56923764896 1
11.1686179427 18.3753223805 1
8.7472161546 11.4995001517 -1
2.37989151382 6.88251001307 1
18.0899546652 9.22340939033 1
15.0083663652 2.89518194106 1
17.6561018203 18.7845134023 1
12.5921812845 14.1815745737 -1
18.1792071046 7.40484640634 1
10.9740709089 11.8832889657 -1
13.5758074727 19.0987408773 1
10.4038078827 6.14373340056 -1
5.26064583457 17.4965118077 1
3.14830238073 9.09899552748 -1
4.05310776895 18.5124243931 1
13.3882532231 17.0577568057 1
8.15545374055 18.6099776472 1
4.44309214335 15.9363475996 1
10.633797815 0.00373932507195 1
12.3571350497 16.0484104955 -1
2.91125805231 16.8359986805 1
14.2605528117 12.6573481334 -1
8.21370654603 5.17243511487 -1
13.759097099 2.72407239664 1
11.1308624866 3.07638999261 1
12.4386541487 10.1026167817 -1
12.2658978988 3.90568108698 -1
0.26497377906 15.5580657552 1
6.30533290117 10.3555521014 -1
9.25770703157 8.51866880919 -1
1.82814187141 7.31897689491 1
3.18126014248 7.86458050597 1
9.95763599718 10.7422687725 -1
7.85572749235 10.1223507782 -1
2.08254073873 3.79664765717 1
12.4861877612 12.4383985056 -1
10.6839015917 2.81568472028 1
8.78832349643 8.76111275033 -1
8.37395064831 13.3525383587 -1
18.4903435961 10.0729977222 1
17.308087029 19.3271201628 1
1.18735784138 1.16161194575 1
7.13133066739 7.78814084092 -1
13.4422312704 19.2514414806 1
8.37956616459 16.4159846336 -1
9.47627107537 19.7286224932 1
5.18469103187 19.545726052 1
0.39722281791 12.4969954877 1
10.4561668767 14.2240043472 -1
3.60396177796 11.5810434306 -1
10.9988119719 4.81766916586 -1
11.6451391056 19.8291654337 1
2.4339770897 2.24519745663 1
2.47555298033 11.1091360127 1
17.7832167255 13.3441631845 1
5.40180619176 13.1092934505 -1
16.8486517225 14.8376138446 1
6.91320432031 17.5635993823 1
5.59595616836 11.7777155411 -1
1.4165124701 4.60245633447 1
11.5549359918 6.79374686265 -1
10.5504320237 19.5120339736 1
12.5641470913 7.02718608125 -1
18.771792523 10.6587759444 1
1.19977224606 6.98724837064 1
1.58022774612 3.98436403899 1
16.1919815487 18.0868492306 1
8.22779853277 1.32780233128 1
4.52263864216 17.7373905487 1
4.36893895764 14.6254875286 1
4.08027157563 12.5288106917 -1
4.21863204533 4.91426082015 1
11.5039191846 8.13340851049 -1
14.1579378065 7.02169678575 -1
17.9156691966 10.0065313416 1
1.26241960772 10.1722355751 1
16.2677840415 10.2026536731 -1
9.75451280891 4.08195709131 -1
10.3294870769 16.1999031627 -1
18.0779338838 0.621996107575 1
17.0794019079 10.2707762263 1
6.38772217917 11.5399737054 -1
11.1535333935 7.85172068196 -1
11.4904066887 14.6065855171 -1
9.03564497731 16.9600645314 1
0.103483453064 16.5150184955 1
16.6300996088 7.16537930777 1
4.73607608767 19.9081236623 1
11.547965493 13.584869257 -1
10.7869337325 7.93833844959 -1
12.2556752071 5.61626588612 -1
19.819134722 9.67840070537 1
5.54150243042 3.54277484592 1
7.20191905968 18.8333194836 1
11.8335477233 0.0196028092306 1
3.0617394159 3.68123303012 1
7.94464674632 16.950315573 1
9.39063355098 18.8228948614 1
1.4302272726 2.00890215653 1
4.46905096374 1.14485302151 1
1.67792524674 0.781953208561 1
18.0036076645 3.31297882595 1
4.04533550905 3.98412166714 1
10.2000720317 0.147293531605 1
17.5811881694 1.02861169704 1
7.04789678226 0.812767380383 1
0.305404654024 10.9136663767 1
0.908325959813 2.84550315247 1
8.50573240502 6.34752385804 -1
2.41180886792 4.18083941426 1
16.191966283 17.6098630948 1
11.7942324473 19.8417390734 1
18.9607723133 4.91703718253 1
12.9669232116 1.81283679035 1
18.6678536659 10.7914596732 1
17.6957134953 8.29482403899 1
8.2907199725 1.18277017818 1
18.8282559544 13.7803636259 1
8.88147199285 14.8419987079 -1
18.6697527956 16.6045235685 1
19.7256212512 6.64388254159 1
12.1873697679 19.7320944242 1
1.9099296777 3.4510651399 1
13.5271648998 4.68346375984 -1
15.8328931636 14.7723548064 1
10.7583157865 13.1086154101 -1
8.58982455417 16.5015434555 -1
1.96570471035 2.66603265038 1
5.94989357002 9.38756727312 -1
3.54395962003 5.11268089012 1
15.0405168361 4.35766921662 1
11.0350526598 15.1752810849 -1
19.2479769679 1.76472509262 1
10.7478201109 17.9255053056 1
6.4348909786 13.5735184344 -1
6.93522569547 11.7381788912 -1
18.3711663857 19.2095105848 1
18.9861020896 11.6822752711 1
7.43428304099 9.36496437538 -1
9.29460478671 9.81927888752 -1
16.2550668226 7.92084132497 -1
3.09289791881 16.6182383648 1
2.99285155345 6.40364457983 1
4.50422398465 4.76584794634 1
0.352941644683 19.9175378506 1
4.79269257966 18.7139423526 1
5.5692234066 3.80114512805 1
12.2257859883 15.9122793611 -1
15.9460067086 9.45898957095 -1
19.0309636226 12.9416374913 1
12.8729911232 3.51565690097 1
19.184955346 19.5303921115 1
12.6879639139 8.08911334341 -1
18.3456868301 7.94390234989 1
4.98400925179 1.41545627582 1
7.69233326452 7.5763112374 -1
19.9214860956 17.5785290728 1
16.1191074866 17.2973752476 1
11.2806763958 7.00059135075 -1
18.2453566959 2.78959845165 1
1.28575739345 0.893178011191 1
4.3994557501 6.11841923763 -1
17.313250255 12.7565772447 1
4.20960797089 1.85220177913 1
3.00035207806 14.0478224635 1
18.7206358545 11.2426860797 1
13.9008817113 11.7758286797 -1
13.8186618269 0.840657196422 1
17.467178894 6.64699050909 1
2.2744345105 10.7623690886 1
0.612038154885 16.320135023 1
7.75772440375 10.138607607 -1
7.92211379972 19.8846928246 1
18.0428842919 2.23149454756 1
0.504937616846 10.9185577049 1
0.436723566301 2.87070107467 1
9.72552406493 5.65700269102 -1
14.5956090867 3.1882140221 1
9.03335043316 2.35767636887 1
3.10700952795 10.2064747742 -1
13.0231224467 2.45943472121 1
17.3159448207 10.8600027671 1
7.47991696704 16.1398063905 -1
4.02193171569 7.15954341549 -1
3.50881362422 6.13439875288 1
8.58238131963 4.76922579179 -1
19.1928438146 16.3897769948 1
7.41445211823 9.38814008549 -1
8.03740875134 9.65650272965 -1
13.4490437961 16.5112798395 1
6.79144322257 1.60580569847 1
8.15156199323 18.1663058733 1
15.6134557774 7.03852552905 -1
7.89890153939 11.5835213041 -1
4.39050519268 10.6047328165 -1
19.1406196384 19.8756286908 1
1.75363477896 4.98255124213 1
17.8584961626 7.56002175424 1
14.4204025406 19.5822474026 1
1.85463081483 17.1815707521 1
10.5446965878 2.24921486909 1
12.4950094188 5.77265949356 -1
14.7541841886 19.4025100394 1
10.1401610502 5.20065390611 -1
7.01264922796 3.66808261674 1
19.3009926547 2.51187356715 1
15.1042023023 11.7744945683 -1
12.5236888 7.71032140134 -1
8.20240591823 9.34617232555 -1
11.9986185153 6.18624935182 -1
11.5012604553 0.578865680993 1
11.8352224436 11.4485061368 -1
4.87629450454 5.50384056338 -1
6.18232804479 8.17101456783 -1
3.37228153722 8.13824246163 -1
12.4480156486 8.7179234689 -1
7.79317045405 19.5745300602 1
4.09193699618 1.68654043778 1
17.8607154026 11.0935031255 1
8.84891415268 7.22510360376 -1
16.0985146562 18.2525326183 1
5.59533266934 13.2992078915 -1
4.77288466809 10.3467436912 -1
14.2102390139 2.37463512472 1
4.09679673868 14.5708495497 1
8.15177023985 12.9840249082 -1
9.9369113739 15.4553746788 -1
5.24831921765 8.64037155401 -1
7.86114167178 5.20338430234 -1
2.40094289318 10.0060660465 1
16.3083492345 10.2525734829 -1
0.685037597904 3.92476711763 1
8.20983588553 9.97899860229 -1
3.98244826441 19.7665872274 1
9.23914459174 10.9204964266 -1
6.90471955092 0.250179629588 1
1.04886955094 12.3743475547 1
7.1360209613 16.2674116599 -1
13.3624305275 7.93832140206 -1
5.60001353888 19.8287929805 1
2.89348705212 13.6152707089 1
9.23218954901 12.6736597984 -1
18.2065289165 4.39739885551 1
11.6049226793 11.545694554 -1
14.1042847867 17.4214017788 1
8.13393781787 12.5990492533 -1
9.23959550653 15.328635353 -1
18.0364930203 6.05425848292 1
0.360931118336 14.1638829491 1
0.165261132795 1.67023579345 1
3.44717311887 16.5028206253 1
14.4445057054 0.34966152384 1
17.9482244268 4.74806460432 1
19.8746403893 14.5717161295 1
7.79098694893 11.8164762246 -1
17.2607214584 14.837173387 1
2.33843567092 16.5211338914 1
9.86482323232 7.75600827508 -1
19.5833916881 3.24943176478 1
14.4014607456 19.6425270696 1
6.27854364691 5.34192302296 -1
1.25835726637 16.2651975733 1
18.8171443397 9.20608998754 1
6.98590507426 4.15410102101 -1
16.3035228308 9.36586517885 -1
14.3469540245 17.0995736443 1
12.7003154478 13.49980761 -1
6.80334196023 16.538047204 1
6.60284539028 15.8430280292 -1
5.21551524329 17.5803981973 1
15.9918735359 1.5475212617 1
14.2984687873 11.5110449513 -1
1.99138904612 8.23749393325 1
7.10067648489 2.93379839316 1
8.68487200747 8.07709380708 -1
17.1959058165 0.212246682272 1
3.20734202565 7.51350977924 1
1.69524108968 1.36349255417 1
17.6035139807 1.18984791167 1
14.9350610749 11.470650833 -1
19.8199325884 4.17670793264 1
16.4868001546 12.4404053078 -1
7.29762204876 1.21637222829 1
10.0434435841 18.9013699496 1
3.71775551019 13.7739720606 1
8.73457446433 17.8597460097 1
1.21788568984 16.32156128 1
11.2274084827 3.47142023963 -1
3.00103208535 8.94057656532 1
19.1553183061 9.58555168874 1
8.41898462518 16.7113156946 -1
4.85604088114 2.0510515746 1
12.3799169685 12.1148138202 -1
3.83417356209 9.19067197886 -1
18.8763296671 7.33977149794 1
3.4595720983 13.164088587 1
17.5133126775 10.3442591826 1
5.54014398984 2.98928933678 1
2.25874513695 12.4301206325 1
11.8562629673 1.29970057681 1
1.06303786516 7.10422495404 1
5.20542400235 5.22072576618 -1
17.7826719036 12.5310765491 1
0.867807971108 17.7408300383 1
18.1385622203 2.70408605058 1
6.20850313445 6.98274052592 -1
5.42582984302 7.7966127521 -1
4.4835866243 14.033262761 -1
6.77824233894 7.2686280887 -1
11.2405395744 16.8893512028 1
8.20098134883 9.16330017025 -1
19.1281665291 19.6187322931 1
8.31151649284 3.75811737305 -1
13.5936330197 4.3842345152 -1
17.1139945915 13.2424880158 1
15.9102149497 13.7226278309 -1
6.19195455865 18.2102293433 1
7.33221432925 8.52077957032 -1
7.34612561597 16.3649490388 -1
4.95398890511 7.19381423923 -1
11.3648139656 6.3232004944 -1
1.41453918364 8.00422005499 1
8.86236693012 17.3812235239 1
8.37987324756 11.9834323367 -1
17.9139969525 19.9380252301 1
16.8357184371 16.0829967702 1
4.02621225221 4.60891405598 1
13.7713854806 19.3462434611 1
12.1365559556 4.34543463303 -1
9.99012412266 11.4297244269 -1
6.49228166407 2.15563926203 1
5.0682484422 17.5406174789 1
17.1342308284 18.2552612095 1
6.93704189263 0.385392919549 1
8.03347765245 0.641089404258 1
19.3609019896 10.1571996171 1
10.0818945624 14.3699604644 -1
15.3982840558 0.0178723542061 1
12.1338844265 5.63465205274 -1
11.2970459707 4.06261136117 -1
13.9536946983 14.6328623258 -1
7.10148714912 8.12375366665 -1
5.99762421749 12.1913254507 -1
8.58168445372 4.50791103592 -1
11.5911862081 15.5898899998 -1
9.98482033245 18.8994825825 1
10.2589240506 3.51573289132 -1
3.96179240392 15.690825836 1
11.2378916787 7.59132547137 -1
17.1768886897 2.01684092365 1
10.3234692569 5.10499210689 -1
17.624244678 7.3438062519 1
12.2436478969 14.2527168995 -1
10.8820743603 14.9497207678 -1
13.5804203213 16.1649637101 1
16.7606687092 18.2980064316 1
3.45934932793 8.25358642462 -1
9.46760304958 7.72768933662 -1
7.01236282446 12.2547961289 -1
0.479178649129 12.1463796749 1
1.68067190696 6.31028543785 1
9.57899647021 4.60184630098 -1
4.32454692552 3.38315903911 1
15.2225941415 14.9868479677 1
13.9152298493 13.0720503677 -1
18.7785830329 16.6941024833 1
16.4676052602 7.4144733277 -1
1.96955250211 12.6026457855 1
16.0553027507 5.00885143026 1
1.59266694266 11.2247711928 1
13.4278619679 6.70589678637 -1
12.7723041237 4.47361034872 -1
18.4852438211 15.7775987635 1
7.21317089899 7.79719414562 -1
16.6532805622 8.16991956773 -1
19.8753323378 14.4922123841 1
18.5396183565 17.5162785119 1
10.6553436361 18.8487479043 1
9.85363257683 15.8145666752 -1
9.84974271879 4.66750705711 -1
11.1390695529 2.2822555713 1
12.6728742412 4.37338917141 -1
16.7310960724 15.0743629515 1
0.279027700663 10.3246146355 1
6.92591011062 3.93178036336 -1
6.85444966703 11.7359380844 -1
17.2322719115 14.0895528852 1
6.41982059097 8.05420599101 -1
1.88097261481 6.99518289249 1
5.87854465452 13.5842193787 -1
4.22042744407 18.9168992528 1
14.3056838576 13.6928661751 -1
18.4160045807 13.6340015014 1
10.8152175588 1.41049267705 1
18.4341371282 11.119474802 1
8.5888549689 12.322912003 -1
14.8923821627 1.27104486997 1
9.69183489912 10.7411385029 -1
1.2191868528 13.6815144834 1
17.1164615658 14.9988494116 1
17.779955456 11.3712375574 1
5.4599680492 0.946309083963 1
14.2855238576 12.9307235918 -1
12.997208676 13.6363608397 -1
7.29954256239 17.3676707254 1
18.435323645 0.50077649382 1
3.53286444092 9.40222961424 -1
13.3620355568 19.8117052365 1
1.28100600486 13.8817573579 1
1.58290168657 18.4472561759 1
8.64892807556 18.441474654 1
11.4269112237 12.5350996248 -1
4.05705497732 16.5699237579 1
6.66553533043 8.88632003352 -1
13.790795382 9.78510574285 -1
11.9176727781 18.1195249375 1
10.5671672018 2.24397515018 1
6.75630304472 8.36073074523 -1
18.044937925 0.0212355124668 1
5.53858146171 1.39959134604 1
3.21155037093 19.5905844069 1
6.65839175196 7.34345875525 -1
19.6248660393 10.5824385322 1
2.23349675991 4.27462050849 1
12.5766594773 11.1777897245 -1
16.9627198894 1.10285385135 1
12.4454471928 16.4894363378 -1
10.5234290597 6.73912535177 -1
5.07606395267 13.3965338763 -1
9.52831527098 0.137825386035 1
15.318860461 0.251511519236 1
1.17738335606 6.624052024 1
19.295197946 9.04114365981 1
15.7146592633 11.0183371422 -1
17.4422360524 15.1872779372 1
16.2520416283 3.28518280077 1
1.46147221005 5.40766214897 1
3.56001997278 12.5635667868 -1
14.409710768 5.56485901581 -1
18.5451745056 17.398256498 1
0.330093185474 15.2714337213 1
3.8322150526 1.44578545038 1
7.31082570214 3.83911820896 -1
5.76981073895 12.1926087198 -1
8.9394836662 10.5271371486 -1
2.09082638911 17.4120604392 1
12.9990954641 9.62060600285 -1
9.17005632416 8.31799563921 -1
1.92600113651 2.93001250768 1
8.42573174402 14.3099919029 -1
13.7591988654 8.54189962863 -1
13.3777816347 0.518891475002 1
12.3382023105 13.4265411771 -1
15.3161090274 0.216641758789 1
18.3437121527 6.07998670865 1
12.7466214899 16.2596973427 -1
11.5530334144 1.15389546243 1
9.02342377289 5.44456645543 -1
10.6965838432 11.5969477046 -1
18.3981586496 18.9015221082 1
16.0609934292 8.43441487657 -1
15.4547601922 11.4122903159 -1
6.80283858918 6.83565271813 -1
14.4453344887 0.359793602279 1
14.0868113112 8.66925795106 -1
18.1718334189 10.3585260847 1
3.37660568647 14.7218319071 1
6.56848201093 1.94591485052 1
17.0492901514 11.9790801163 1
14.6633146973 15.3702686356 1
14.561013651 14.8798527509 -1
6.76694964943 0.621444989866 1
6.36911594267 13.3824440121 -1
13.857713622 18.5316697462 1
9.97534318147 18.8431581064 1
2.05413868915 17.7178590324 1
9.8724582609 15.0617379804 -1
16.6423669351 6.56563989878 1
9.52304118535 6.82110165413 -1
16.4487706507 0.751847940822 1
16.1928228106 12.8441018604 -1
8.05493466553 10.685644397 -1
7.50676358018 13.8669837715 -1
18.4784295252 13.0991076065 1
1.48511649491 10.6498506412 1
5.70401691391 3.37864748893 1
8.63207087159 17.0596027211 1
18.6563114884 6.53135218684 1
12.3889623338 6.83918923802 -1
0.993925974882 6.68118581682 1
18.7023888743 4.95645301187 1
7.96341360355 15.9357785088 -1
1.1934964507 1.04090102485 1
12.332237689 12.0009614221 -1
15.5305333648 12.079281857 -1
9.82611622584 12.9084310164 -1
15.7046345568 13.5921544982 -1
19.7171150839 4.5385239792 1
13.8849764079 2.4163063457 1
15.1371772024 17.4845905091 1
10.9459571326 9.56185869825 -1
0.0973062742237 10.2741062056 1
2.68124046162 16.9153572833 1
5.37153473433 7.39202977901 -1
18.888428225 3.8676429655 1
7.0420420216 0.122479558962 1
2.01652244265 5.93440353926 1
12.3471854418 11.4298944763 -1
2.33841179454 15.2359449551 1
18.3497824806 6.87426790797 1
3.30464682383 16.9765012464 1
7.89195000215 6.57485059408 -1
9.87934194089 16.1684619097 -1
4.44142799109 14.5659617401 1
16.3819357675 4.60790698156 1
19.5870565562 16.1356367883 1
14.069860926 5.18056166726 -1
1.44743869792 8.23552804273 1
2.28863846508 19.795574278 1
9.61415955436 8.77589992886 -1
7.35743980883 15.7049441687 -1
14.2716867382 11.4098027165 -1
13.2298556921 0.756897449658 1
17.9108208642 4.62325644873 1
7.63505255799 18.6890950369 1
2.53153425997 14.4543493674 1
5.6185664902 1.6991525379 1
8.2888090956 17.2272823602 1
16.5186655786 5.89834559601 1
6.46826232378 16.7276267591 1
10.5699843517 1.71886111476 1
6.92466129494 6.14652841955 -1
14.5745244458 10.2744302519 -1
17.0522113324 17.0121917831 1
9.52577763155 1.31239185063 1
18.7079357954 13.5277835204 1
0.760212299601 1.34302162225 1
5.30283282783 10.9232277377 -1
3.2115428172 14.9787291855 1
12.2266600481 15.5410689293 -1
18.18794478 10.2700606616 1
8.54023100937 11.5812288875 -1
19.3478776831 5.19984417287 1
0.271158981507 11.891899836 1
9.66329398916 9.79918694339 -1
0.891534422733 13.8293347333 1
17.553979824 17.6330760114 1
6.21189338039 4.30555262437 -1
5.02435610934 0.352570998524 1
17.0536866668 4.96009488615 1
9.2391419525 3.92071868228 -1
18.2095026202 3.55578694322 1
0.110872435219 8.81337202102 1
14.4086672754 6.1509549605 -1
5.25538483579 13.118321696 -1
15.1383262567 12.3089686745 -1
15.7894127582 3.21596168313 1
12.8980634761 2.57603852456 1
15.073846029 4.45038220608 1
14.8043746033 12.2834940061 -1
3.80898989742 17.1175793761 1
0.605986930814 6.1316517104 1
18.3293640446 16.1347735027 1
18.9178736765 14.4410815751 1
2.433119748 5.66747698029 1
13.8942234958 13.9689599238 -1
11.0707260221 11.9521776814 -1
8.36399758181 16.1078820801 -1
1.94028456809 18.8429020979 1
16.5362344679 9.74850007485 -1
15.8079624874 16.2097143848 1
13.2573904018 10.2789964985 -1
5.38720361593 7.8136232822 -1
2.83939117329 10.2925733675 1
13.5370364502 7.02487609281 -1
17.709689801 18.5488082355 1
4.86177508391 1.78048259526 1
6.18448371611 3.88444633606 1
2.68117056599 6.34911275178 1
0.015347798609 12.4074694976 1
11.368842254 17.0750106556 1
3.17321899102 16.0019802326 1
3.62977705775 5.52246675624 1
7.81163323121 8.14544486939 -1
5.75547061592 10.4660383125 -1
11.6712757467 6.61869857102 -1
13.2593612192 13.808854694 -1
12.0278508298 6.23642342825 -1
15.0433387154 3.11050306661 1
11.9873102932 9.08181565343 -1
7.46944316107 6.56091708509 -1
10.7607652879 7.02658748361 -1
3.49659983849 17.5419300723 1
15.3523011846 4.97509646739 1
15.8646207967 10.5149238603 -1
11.2991785655 11.250563083 -1
3.78304352948 16.0315249461 1
15.0376956821 2.97258808511 1
12.3319172873 17.7707374556 1
5.27854097635 7.74184479338 -1
4.20802852473 11.9102491513 -1
9.94903802328 11.3476340629 -1
5.56102345103 15.4444231281 1
13.6692689002 9.94443298924 -1
19.3910366085 3.10291821461 1
10.5656180003 17.1473817051 1
13.9683744798 12.6346019366 -1
14.6393198744 15.1448988226 -1
4.59823863683 4.571927868 1
4.55916808813 11.1732923474 -1
7.74731723843 8.43791476374 -1
1.9808920109 2.98658956557 1
2.47209093604 1.50800338492 1
0.185304935736 13.8630497316 1
15.2364721784 17.3083559845 1
5.49393857554 6.67052175336 -1
3.10689825191 7.97964511492 1
3.76127261406 2.98095271326 1
2.83760481863 5.61583864329 1
18.6381216503 15.3761805069 1
18.2010216867 19.4939531139 1
6.09291387401 18.7612932726 1
15.7532465067 8.9162116533 -1
17.7092882033 7.05602414988 1
1.54467378143 14.2570537535 1
13.0543804652 19.1736652781 1
15.1447733836 17.835352319 1
6.30397766251 14.5718365812 -1
2.64569127764 5.95274914191 1
13.7516688779 2.71365089327 1
3.18162914628 4.8155026754 1
18.7238064534 2.41575747461 1
1.34726018482 12.5284804615 1
9.54600218183 15.7121084368 -1
18.467131338 12.6830891332 1
7.50979798806 10.1556928874 -1
7.6416853792 15.2563385442 -1
16.5687360667 4.29856935658 1
11.9164701622 11.1826315813 -1
1.46591612298 18.270723534 1
17.5106766919 5.40822662488 1
1.14495487706 6.26658461842 1
18.5697760308 15.4530249165 1
7.51067909821 4.8682739207 -1
9.70740885895 17.1811088255 1
4.46329874662 3.32562390229 1
2.53304484251 11.7695035955 1
9.46607084821 9.44535913196 -1
6.63717799992 15.3853325739 -1
9.53242931179 6.24017579403 -1
9.71839445752 5.45930909986 -1
14.4630214182 8.79832556038 -1
11.5496793265 11.1746541514 -1
4.23346380562 8.59402589817 -1
15.8342025105 3.31478838205 1
17.5402452579 5.38502178051 1
9.29908436214 14.7445489291 -1
7.24835800354 1.82805582737 1
16.312508245 2.77381420946 1
0.00995804737205 6.53862521352 1
8.23134981799 11.88815196 -1
5.74350344592 15.2664374079 -1
17.2739259815 19.2588178343 1
12.4953621206 12.7768055057 -1
9.23682542815 13.9854374709 -1
15.2859249338 14.5923456233 1
2.97072934279 10.5253034486 1
9.15790416857 3.96390469702 -1
0.658766275402 5.79358058159 1
16.7896565825 9.62693206118 -1
8.78774468514 12.3271194158 -1
16.9841912076 4.7408398865 1
16.4005343657 3.84432909092 1
12.7883394887 16.0265529488 -1
8.73089116888 8.85181866265 -1
16.9161840581 15.3304902998 1
17.6975220425 7.94504780653 1
15.7213094618 3.93433483491 1
12.0531998914 19.8672467921 1
9.28378593259 17.3808553185 1
4.68736143622 7.06444637678 -1
18.9431221129 4.36163430131 1
13.1237798125 3.56668709551 1
4.58823267889 6.02782026586 -1
0.944533905717 15.0517472936 1
0.953115773505 9.91562164159 1
10.1949422534 7.37061629753 -1
3.61163985031 18.6414551218 1
16.4193429088 19.278601253 1
16.6939841561 12.7708103789 1
17.8909035318 8.42306719062 1
18.5528560865 3.53792986031 1
1.03105393304 5.65925653495 1
3.45178823623 3.77977864956 1
17.516198731 15.4993333548 1
6.05448438636 15.5711564287 -1
4.76308288154 12.309030627 -1
19.2343988024 17.2312968156 1
2.53288672943 13.6693454845 1
5.86662263446 10.2174374647 -1
10.8865816301 0.246313769065 1
6.82607662261 12.1305141713 -1
14.2598628448 1.63728658773 1
14.2791764463 5.88102412364 -1
8.65134418812 1.31945119634 1
11.6347316816 15.1189049026 -1
3.24838176486 2.50709326364 1
3.55469987264 13.4380745299 1
10.1952185329 15.1560864234 -1
6.8068821938 3.00180316408 1
19.2337574282 11.384136023 1
6.96556770354 18.0924660752 1
15.5074856226 16.7154230048 1
7.51663323112 19.0447393333 1
9.8542759897 8.44933470011 -1
1.28920994699 6.41632246465 1
17.3260654123 18.5289997403 1
7.97731453882 11.6583380037 -1
11.6830593528 4.3273701282 -1
12.5083653384 19.2981397174 1
14.0235112209 18.5577902061 1
9.74153009923 14.2280081475 -1
18.4136171833 3.18278276294 1
3.84265002861 9.89738123407 -1
0.389507809506 3.06712668876 1
7.39053393837 3.62247828731 -1
1.5135258583 0.766077538431 1
4.4875401827 11.7901201372 -1
6.24190087026 9.39845439612 -1
3.51757826657 5.55405476263 1
11.9684595423 2.3294286707 1
17.4685806778 17.8420436202 1
4.37604213259 3.84837600638 1
12.5666702119 12.1812238828 -1
6.0742960771 9.16388695708 -1
6.10791486678 19.2797642012 1
6.47480857719 15.4499121816 -1
14.5470345879 15.2747086857 -1
0.319984257827 13.5552240855 1
17.479998335 4.93242476173 1
13.4401043261 8.3460550216 -1
16.7344160955 6.13670930421 1
1.08199133873 5.08896978883 1
0.704336249988 4.02890106778 1
1.14002241294 15.8928028351 1
9.04267697117 15.6034068817 -1
5.34128894404 16.5455706771 1
1.12568791135 15.0476503277 1
16.4424235173 16.9170228142 1
3.63200751893 8.54351109129 -1
9.81222611462 4.57784359417 -1
6.38127507732 15.3474662887 -1
0.715265422995 13.2554265004 1
9.28872429635 17.1643025804 1
16.1101561417 13.5769878642 1
14.2944532108 2.55378723135 1
3.11832380338 13.5223532676 1
1.74939785043 19.7641936234 1
5.73078009234 18.6989389126 1
13.9330638166 15.0301009354 -1
1.49197725565 19.1730729688 1
11.4105382246 16.5043799923 -1
6.73401201583 18.9560605175 1
5.09026538634 7.80014951474 -1
18.9534717532 8.08362631925 1
8.60585382273 0.21954986682 1
6.60152124072 0.235894780345 1
17.5776593088 0.513008060039 1
6.33648595156 4.17945039469 -1
19.3376868431 6.26376418105 1
12.5132093465 17.1535672564 1
16.96447443 3.52106415169 1
9.9636334985 14.9798701504 -1
19.8739185769 15.3927315025 1
11.2662757044 13.957336662 -1
4.7738144894 12.1780640225 -1
9.38625737907 15.1025455342 -1
12.6085554139 16.4661659005 -1
4.84841844278 11.1287104143 -1
15.6046917979 11.1902690687 -1
19.726963265 10.7575294198 1
19.7570842468 4.18077422704 1
2.98107982068 11.1789366433 1
15.4034861734 19.0218465024 1
14.6667472699 0.0499908215729 1
14.1453078253 3.02502933955 1
4.70467997893 12.1309083366 -1
4.94920803885 19.5302817474 1
2.10797375016 17.9968483157 1
17.2953441437 7.26015459985 1
8.91273579144 8.51177847194 -1
0.929836482155 3.96254234095 1
12.2135170217 2.76649652741 1
10.8085464625 4.37653121636 -1
5.6694091015 6.53645389033 -1
3.30679041081 8.65560810159 -1
17.8865568815 6.94084934409 1
4.61577157476 8.96359328174 -1
15.1894874356 1.00690136343 1
1.29566936645 10.5062236003 1
5.9236826306 5.21522361801 -1
15.579600572 17.8607186533 1
11.2860400199 9.03948838703 -1
17.9257902082 4.01845986831 1
8.5811890074 19.3359946444 1
16.4235003893 12.1441519903 -1
11.6917867545 5.55122498901 -1
9.49647815608 11.9175611237 -1
6.20291618821 9.82867523163 -1
6.09558941923 8.07446479032 -1
0.251215759974 2.7009665843 1
4.76639139954 7.55255344097 -1
18.6649035709 1.8845745127 1
14.0263144605 16.4820929659 1
15.0028014961 4.29402413453 1
10.2210359659 15.2226296175 -1
8.58141730485 0.304851916127 1
3.93515170734 3.0474310712 1
18.200720498 8.27057339298 1
12.1256897772 4.16225926526 -1
1.10516252238 12.3431398368 1
16.5033029157 15.8883735726 1
5.05606030602 3.43186048554 1
19.4109873625 19.8118832933 1
4.81867981877 17.4113780091 1
12.1859344219 19.4751359157 1
9.6167572944 15.7597545614 -1
19.4324634391 11.7413679688 1
6.83224850925 7.93284554149 -1
19.7215257131 18.9836470116 1
10.342515171 14.813089762 -1
1.08217318153 1.40659137787 1
3.42332643002 1.07096297394 1
13.3454994049 1.49291483638 1
17.3945303547 4.66974587739 1
13.0709076376 3.65585108358 1
19.7498868642 4.78799390739 1
5.00197521671 3.87341033798 1
1.29187828263 3.28140036149 1
9.6483530673 8.35284219193 -1
5.45499272406 17.4091765691 1
12.2551119829 8.55882183177 -1
5.87358071671 3.43979165213 1
13.6468701775 8.31257029833 -1
4.35549460833 2.89223996846 1
18.9286758131 1.12225113405 1
3.15043921651 11.3291928329 -1
19.8822092751 11.9928566811 1
17.3312997645 0.194531975594 1
10.3444299596 9.54308960243 -1
1.53251612998 2.59021232881 1
7.41882089087 17.6077059992 1
13.8766411093 10.1224564499 -1
14.8444019557 9.75490591974 -1
15.5126214385 15.6758690927 1
16.9273050325 13.3509571153 1
11.590063569 12.8873491699 -1
3.0784865122 3.27271030449 1
12.4209125234 14.081943379 -1
17.4974723294 11.9449780717 1
1.37875856048 10.2138482227 1
16.8469999446 0.857494676399 1
4.30667684399 12.6163567436 -1
6.05552958035 6.96241581703 -1
18.3923889443 6.53944735915 1
8.78783740458 18.2540920221 1
0.608158486109 15.3336997682 1
5.95673768555 1.49896207208 1
12.9703017176 13.3751294025 -1
1.65281823106 15.9337644046 1
10.6765809109 13.882642107 -1
14.9109589154 7.33812697055 -1
14.4387345466 13.4317678396 -1
7.62851204347 11.3681714155 -1
14.9794931239 3.76820038998 1
15.5951316969 6.09783662932 -1
3.75430218783 1.41240337928 1
4.34673113449 7.24866247736 -1
15.3178341648 19.9281457989 1
5.11082214098 3.421161885 1
12.8892586982 0.861199585805 1
15.6342511216 16.6480862221 1
7.66160260549 11.2416405037 -1
12.6279328477 13.9472882566 -1
5.47470637577 6.01196957334 -1
9.53017098882 15.5387770809 -1
4.96810835553 1.00506198955 1
11.8549552946 10.9567533493 -1
17.7879250448 4.86931415603 1
3.44551555388 8.39632685898 -1
1.63720069948 11.6930343798 1
12.4509103997 11.4028113853 -1
5.86822061234 18.3950006855 1
1.1592485671 14.4302682085 1
12.1185679473 4.55868627943 -1
0.957316823428 18.0985703823 1
6.29359520808 17.1771228624 1
18.5199282329 14.4161831987 1
16.7637100194 10.8271501384 -1
5.72535609288 4.03460017096 1
12.8234434323 0.069152446219 1
4.73937335651 5.19564449207 1
16.6014649021 14.709712181 1
10.6778196919 10.6714012382 -1
4.11826847305 2.72999556162 1
7.48584956232 2.63975688867 1
2.77621023882 8.01782072519 1
13.9150479841 19.6709979676 1
8.74660650374 13.3684297374 -1
5.63439741258 19.2828356885 1
3.51846043199 6.56250890714 1
12.3497881645 18.3134474703 1
15.3606130405 12.4979677104 -1
12.5549149304 11.1775215322 -1
17.1463246742 9.32254489908 1
10.9336558788 17.3303958315 1
2.90473634932 6.05516189831 1
9.00576550213 4.81572790228 -1
19.0200571889 2.96285264897 1
12.2719788822 17.3088983349 1
7.6358341094 17.5818491653 1
12.9477084881 9.24809271002 -1
18.7096952326 12.4327350946 1
9.43890418518 19.473926646 1
8.74444564762 0.791273793183 1
8.79491280968 11.4439713591 -1
7.0799556773 12.3399663365 -1
4.63962513487 19.0424717366 1
16.8666490627 15.0022705462 1
7.26473690277 16.5916433821 1
1.15190630508 14.6474763208 1
14.4818218308 11.6865679696 -1
8.0053698411 1.09947795133 1
7.02389802643 12.3656731756 -1
0.614171054982 4.66655108233 1
0.453784450911 2.56708938259 1
12.7573714348 2.07396806149 1
4.81917385655 2.4833728623 1
16.0742913413 9.14125349468 -1
17.4985095795 12.643771862 1
9.64433129045 1.08722980092 1
3.3707373394 9.42156387949 -1
13.3142711813 17.5700216904 1
9.6335120045 16.2917223105 -1
3.69154352699 15.9998802281 1
19.8807286139 17.1817650603 1
14.3525171803 15.4936353979 1
7.50709491773 1.9898522765 1
2.15970260032 8.87004854141 1
19.8893557902 19.7791428429 1
5.99856698799 14.8299379863 -1
19.4809343801 15.2613552468 1
11.5024316331 3.07740662982 1
4.51615791289 6.50845986954 -1
8.78145779363 6.66947125369 -1
3.6517683511 7.08536778177 -1
2.78933084877 10.0208437168 1
15.5387983525 11.4126396176 -1
14.7736130415 1.13359782015 1
2.10442685697 15.288030659 1
1.92206733735 8.22541491582 1
16.3731561476 17.3673187277 1
12.8384572715 19.3438529266 1
1.66107596471 5.02487995952 1
10.8393556305 0.104569255382 1
19.3757958811 5.67520033117 1
19.9498731031 10.5877991056 1
18.4553365865 9.36515633638 1
13.416532839 6.07759878091 -1
2.41442565616 1.23072824917 1
1.29043205444 5.60566521696 1
15.715518078 17.9835868358 1
19.9137729418 4.54721329843 1
0.804494841891 15.3143691247 1
8.05689820201 18.5017761664 1
11.3955491254 17.6750846209 1
11.6449821959 12.180191897 -1
1.37509472842 15.3832878669 1
3.04427572153 6.90109344033 1
3.84768529887 13.1895562885 -1
4.42909423955 14.2012660023 -1
1.11449179254 1.85196180378 1
2.59820841311 9.67371024248 1
16.9553923111 3.89235153142 1
5.70169510313 6.09427033574 -1
17.3776484061 8.07286268346 1
1.48877946295 13.7368019818 1
13.581867865 9.08871701725 -1
7.16413802493 7.69077754612 -1
18.8415647366 11.2741266414 1
7.03690193819 9.06044202139 -1
1.54900102582 8.7195570565 1
13.5607782239 8.05475063907 -1
0.0819211936477 15.8564270659 1
5.53113226079 4.96118487304 -1
19.5260024479 13.5270592434 1
8.99332575876 10.1485207415 -1
0.52265691208 17.160358314 1
5.5078293352 9.0520093142 -1
18.8955554434 4.4288981669 1
5.6010313591 2.4133402102 1
11.9248357446 6.93540365767 -1
8.82710545718 12.5173423291 -1
11.2255052243 3.02342296537 1
8.54196364478 18.2364896394 1
12.4173941779 6.57858234956 -1
4.6573861416 15.1303363039 1
10.081984467 3.99020987803 -1
15.9658888261 12.9599942086 -1
3.63019828394 18.8430334921 1
0.536107763324 19.4871323381 1
11.3728862641 19.6615150646 1
11.3091021567 4.84586415139 -1
14.6958669692 19.3024387808 1
4.33031945021 4.63856235632 1
18.9068874266 6.03377358186 1
4.31353754772 13.3793512805 -1
13.4252055636 5.73026660882 -1
13.5418070964 13.7968758425 -1
0.694608840498 7.42827759474 1
7.03944398889 15.2712237175 -1
6.8103173696 19.397126058 1
15.6171591588 6.00561429686 -1
11.8309470902 0.522898071722 1
9.58552970748 19.8267995019 1
11.9890392862 2.44789875213 1
5.56396653287 11.4920573623 -1
12.6979977179 11.273746352 -1
0.884847387082 4.27368990152 1
9.74236757636 19.228914191 1
6.12835107095 13.5474892065 -1
8.75029596028 10.4635260148 -1
4.23642784964 18.0561444644 1
14.0831056607 13.1794937454 -1
0.0361933518052 4.47908191205 1
0.03549625072 18.1816017064 1
13.1175501605 13.385792627 -1
0.934696871975 17.1597535804 1
6.11329949966 12.6885135886 -1
9.54196677158 4.06260648809 -1
5.74610189571 5.64300748242 -1
9.85688916972 11.5668147512 -1
6.45630617739 19.735463834 1
19.0467926707 19.9043659061 1
1.98506511838 12.9487095442 1
5.63529103347 3.3320408745 1
14.2455694533 9.2565595118 -1
18.132917292 18.023465247 1
19.5655624137 5.38935985221 1
8.97118575771 12.1441307904 -1
15.3257612618 8.66453265844 -1
17.8563265166 10.8763201238 1
16.936549694 16.4084083356 1
8.03691101329 10.6805870497 -1
5.49586349982 4.49569758725 1
0.872631750082 8.27572061038 1
18.2788964341 13.1812724158 1
18.3159547874 10.2881713628 1
3.73213139256 8.97765125479 -1
14.8663020747 0.301316529492 1
19.9236058738 3.31709662628 1
8.33459674356 13.6503487561 -1
8.12959273264 13.0901859169 -1
7.11983770106 12.957799185 -1
7.07139641975 5.66787766654 -1
1.86277289839 0.881933694788 1
1.45465581677 9.36792105733 1
9.20461504043 4.96455031341 -1
14.3402791998 19.1342622288 1
17.592986545 7.74017291301 1
3.32421865812 16.491392032 1
17.8216583476 8.16252437646 1
10.081405528 12.7617444419 -1
13.5425302789 7.07930263111 -1
0.740447038977 18.7254752495 1
14.7654789891 0.992833269481 1
1.86714688144 11.5127804964 1
16.0765512887 12.1729333472 -1
8.84753868165 0.887819581683 1
4.6883269986 18.7274675352 1
7.90800004034 2.29688494953 1
10.2902986693 6.15345974374 -1
0.122450718511 19.9737945799 1
1.28140057537 13.8437489362 1
5.03775705493 1.90234896711 1
8.00461957393 8.99269367346 -1
10.4880360223 2.85301377496 1
7.58153591098 11.9933626288 -1
5.16715176686 9.30737025561 -1
0.941496920548 18.0234752824 1
8.26249731485 8.79697384042 -1
17.7842440853 2.66820887254 1
13.6690999911 6.08882813913 -1
4.30606306451 17.2490619412 1
15.9045843679 2.97848210437 1
0.974925057785 9.16945303108 1
13.868366173 5.01963490633 -1
0.0517046645961 6.00807490378 1
11.4417224493 17.4584800509 1
6.69145998094 10.8759449513 -1
1.44422694442 2.33921811147 1
2.51607185258 2.15842389378 1
0.599866179138 6.99923257966 1
8.5363681516 6.17004776368 -1
11.3126822142 13.6069922171 -1
7.87617348228 8.90698657318 -1
8.17564930172 1.64863961123 1
7.83853192236 10.8019865539 -1
10.4968533591 0.856250206262 1
13.3171300489 6.11784896335 -1
8.31690354654 17.5481947054 1
16.4822798943 7.97299980537 -1
19.9157498752 5.87199055076 1
18.6240074562 15.4083574232 1
8.20088880782 16.5275653358 -1
12.3915055591 5.09141815679 -1
16.8471613022 19.3734307285 1
18.073568712 17.1147414045 1
13.4289631245 9.63238070549 -1
15.7821184855 14.7998335132 1
18.0353252836 9.97727034513 1
14.61584625 8.50202781542 -1
11.3440466996 3.4603296734 -1
18.9775930688 0.0520080380017 1
19.8735601004 18.8509342426 1
8.3346619419 15.375024142 -1
3.44681214178 6.13871250967 1
8.87220343622 19.6110598901 1
14.9777140727 12.8220893564 -1
5.63585107312 12.8445385691 -1
18.1541208124 4.96872717552 1
19.2471028534 16.3784358058 1
0.591023261111 6.27604247349 1
18.9769836593 10.4499124607 1
14.5172925256 10.6473081523 -1
3.6017802411 12.4355248362 -1
18.1323000996 9.54037175403 1
18.6980030822 0.506755788793 1
4.23519136615 3.27503136735 1
2.51199126699 2.35790805627 1
0.363861119958 5.67802157701 1
2.17972684087 2.84262489437 1
16.1483131766 17.0005776822 1
5.13150517321 15.3118528577 1
12.8977923276 2.21772536779 1
7.99293160563 15.8443649588 -1
7.64100250721 19.482475818 1
10.2334947706 8.61001706189 -1
4.12065646529 0.505637667477 1
10.7444534724 11.826653544 -1
5.72622792751 3.51033206433 1
9.46228828161 3.10150013193 -1
5.88557095487 9.2461201203 -1
10.0439824922 1.24442736333 1
19.7110763175 14.6961704635 1
8.59662530916 7.66534568386 -1
9.03199867513 0.918485347878 1
3.80699713548 17.5522616991 1
9.75683976909 15.2749936206 -1
8.18790784862 3.57599649792 -1
7.57468848845 11.0240381238 -1
1.94145410347 18.4660400617 1
17.6120996748 4.0317473307 1
12.0729974659 6.39334189949 -1
14.5546822825 10.3308311792 -1
6.39602837726 1.10441275343 1
19.5381802434 6.56114561062 1
7.38403497967 15.0553109136 -1
10.4338021906 19.5467985409 1
12.5615000993 16.3205637398 -1
19.425277724 18.4913058782 1
15.0673100331 2.72019420499 1
11.2614273117 2.14960587774 1
10.8410823245 4.20328379162 -1
10.5916695707 19.3162632354 1
5.30336280477 1.05090891457 1
1.0112316235 10.4824164911 1
16.2188833861 1.12669926091 1
10.2996618334 3.29236030154 -1
10.1027580817 4.93118303414 -1
5.37708620773 18.8632692081 1
18.733786984 11.6729670181 1
5.04722350769 14.6635333627 -1
5.16525576979 11.3001391875 -1
13.8032196922 18.8796284384 1
18.1891107544 1.51319194917 1
9.62791367419 2.06690851622 1
18.888401252 5.64552954345 1
19.5136795158 17.3188994376 1
7.15759718853 17.8038763621 1
1.92042343331 16.3757220968 1
3.52759140611 2.53942317664 1
1.94993710199 1.0089800302 1
2.55090915643 2.65803511872 1
3.50830241979 2.96926161125 1
1.1208884147 18.4877557805 1
5.10447990491 9.80526779703 -1
15.9870590193 18.6314679852 1
5.1088074042 7.76298586045 -1
8.90289462227 18.1500015832 1
0.0447770579391 12.1296210789 1
11.5637534026 3.13981172356 1
14.4699840743 1.14504702915 1
12.7121548975 19.638862121 1
3.29859502909 16.5066030063 1
2.8898503278 5.33585624249 1
7.11698208276 0.387788657326 1
7.67725852558 4.99539729892 -1
1.8945534901 17.3546176019 1
1.41932766313 7.81292451745 1
15.0300591182 0.54855910234 1
0.893901290981 2.6212708002 1
15.5709208239 5.52633664715 1
7.76479891968 5.98808675744 -1
4.2529460102 11.0663935065 -1
4.07048958715 9.54265096249 -1
8.18760548911 16.3279384919 -1
11.9456075205 9.72816594 -1
10.7374068965 0.767010461551 1
14.7280782341 10.9357422164 -1
5.54691638492 1.6854071029 1
1.08024092124 16.6633824617 1
4.9477619011 3.92633070771 1
13.4075812299 19.3480990447 1
19.110859056 10.0023670643 1
10.2375479411 6.56015032753 -1
11.2275528567 1.62692826974 1
14.5410297234 7.60573816197 -1
5.95309993349 9.66232873612 -1
5.4460241743 19.8048035421 1
8.41425886672 11.9927456467 -1
2.74887447715 17.2318567378 1
4.78393279825 18.7906220193 1
1.71849145919 0.528545480416 1
10.9357487906 18.1979943102 1
15.2008896057 11.7680380684 -1
9.56328034524 12.955204244 -1
4.98864270387 10.7058047817 -1
1.72032214411 0.482499810537 1
1.04904679302 10.4324484759 1
8.96753731275 10.5823859298 -1
19.6306139196 6.40805103884 1
7.82283885695 7.39794703636 -1
6.33185547296 7.87990671627 -1
5.00279170895 7.18015953957 -1
6.78111871675 3.76743248199 1
3.99744672159 1.04417823107 1
16.4018760776 5.20254072606 1
13.5949501823 17.8960115384 1
18.4980849058 10.1300036257 1
8.03554935665 6.91336406566 -1
7.23290781337 15.8674540099 -1
8.5008761781 13.5061457737 -1
6.10079058538 18.8055074667 1
18.2494696494 2.68573415746 1
0.137793994685 17.5636359242 1
17.7386919589 8.68535464928 1
1.29816776464 12.3399778248 1
12.1685857635 9.92565721597 -1
9.22452991298 15.7518170214 -1
11.6040657457 15.3238872457 -1
7.99342794537 9.496781491 -1
16.1479422561 15.1861369099 1
16.7515624264 10.6739141296 -1
13.4816330679 7.7889938741 -1
0.466696316102 9.24606367614 1
8.79693168089 16.1421295095 -1
18.5355394665 1.62573061469 1
14.3830719766 17.2858881713 1
17.4335539111 15.1671982473 1
15.5716519959 0.562402318067 1
19.5368706802 10.4058432412 1
9.19790375743 9.03237412658 -1
9.70926301226 5.12929065535 -1
14.3115826358 4.70658562369 -1
6.67216362313 6.3972293615 -1
9.39494491851 11.4951898812 -1
19.7852598939 6.33088062915 1
16.2053693855 13.0374843246 -1
15.9437322407 17.5957444501 1
4.72833381214 5.2416877901 1
16.3551623975 19.7249519457 1
18.9987531277 14.4799764341 1
9.46692352198 15.0718811259 -1
9.65901989377 11.4714929125 -1
17.0940398117 5.45454591912 1
3.19945839255 1.35546902591 1
15.8926672664 8.10285943281 -1
4.40855271576 0.857898656373 1
18.6394823459 7.84067578492 1
3.02918058481 3.32365871269 1
3.23947119216 18.0503804841 1
0.789427735601 3.49919841958 1
17.5116908225 0.420562704393 1
9.26053659511 14.856895945 -1
9.37297534744 0.448198148263 1
10.324498882 5.00542877657 -1
5.32088879556 8.63177621227 -1
12.43307481 5.39563961312 -1
9.54750988823 0.421577239374 1
15.2335217202 19.3345687153 1
13.4617413643 7.15986943597 -1
1.24959330809 10.5960941363 1
12.9280701836 1.27521686785 1
15.925530303 9.25320939608 -1
18.6685287891 16.7333876864 1
2.66052292039 6.00078922152 1
7.45583212956 2.96298950582 1
19.142367121 6.11847318495 1
9.90708162637 11.92495864 -1
17.6020581323 18.44399746 1
18.1474125144 18.0904021765 1
7.15874072988 0.713206604183 1
11.7910262639 12.4955574642 -1
17.6793581655 6.23002347974 1
15.0868101307 5.21273784782 -1
10.2587802747 1.54174865233 1
5.35769539487 3.45796127946 1
13.5531016177 10.7231891557 -1
18.7656264389 3.54054914628 1
0.904049123175 11.0981557194 1
14.1891195099 15.7634817968 1
3.11931754306 13.4176166322 1
6.78505955882 13.2401332064 -1
8.69619537688 0.379253579517 1
13.4962735316 2.47523508797 1
5.37202413736 9.92466461509 -1
5.72563229072 19.0543526942 1
15.778360519 3.65809889471 1
16.8229150431 9.39995234035 -1
5.14823450794 19.4925183031 1
3.2660579026 5.51125046612 1
12.7774417713 6.23512431964 -1
17.9150600228 7.05909159621 1
16.4745447485 8.85135536627 -1
4.03486501539 4.64352053571 1
6.75744140395 12.9890685585 -1
3.04191226988 6.15459326686 1
9.0752170612 13.3400881797 -1
19.3507757534 0.653308526854 1
0.0218389682941 9.32031375524 1
19.8496506595 18.0405899283 1
4.09447505552 6.0698547489 1
18.0333258769 10.5170464361 1
17.2356530513 4.37048785222 1
8.11465117526 4.34776491617 -1
19.213980767 12.9665510489 1
14.4964135235 10.3310052252 -1
11.9971753142 11.1530220857 -1
11.5950130574 19.0088996549 1
18.3472890325 4.19710432788 1
2.86609800385 2.74607224029 1
9.17274522522 18.2210436156 1
9.86198423689 0.316704766478 1
5.75080515099 14.9391930039 -1
0.54492430121 13.8605330502 1
0.249264937759 7.17728796732 1
1.00164327924 3.49647811924 1
18.2799955768 2.27727912358 1
16.8819224167 17.4915741328 1
10.9073943407 6.33878995211 -1
12.7315507777 4.10646257092 -1
14.7845805083 12.4082136739 -1
13.8797798357 19.9264311668 1
3.54244448355 10.4574512366 -1
12.9831605051 19.6112509352 1
17.7637523109 18.4445176232 1
4.93910428461 6.26471152368 -1
16.8327810827 18.9116932809 1
12.740114409 9.98194186368 -1
5.89798035071 0.322931955618 1
16.9193780332 11.36158008 1
6.52417323008 19.8991250612 1
11.5525850629 9.45763080398 -1
5.63827604517 16.1941432472 1
19.7616452974 12.0686883019 1
9.14501867956 5.80889474993 -1
14.7499703408 19.8907261119 1
16.5354864144 19.1705649786 1
6.48657318895 5.9075444861 -1
6.82388283278 6.39991817303 -1
4.2175572233 3.20332534294 1
0.773982991398 17.7474338195 1
17.0612383276 1.66761227697 1
15.6523629951 13.5372684153 -1
10.5932829899 15.4174227161 -1
14.6655489718 9.17339469286 -1
16.0798228251 16.4144520165 1
5.02198737582 19.2199965937 1
6.7887581084 7.32116299575 -1
8.00807408737 16.7018571068 -1
12.0825918388 14.568392829 -1
11.6450276628 1.01434511407 1
12.7010374051 2.46408586094 1
14.937088004 12.9283576154 -1
9.33449544498 3.67166380159 -1
10.1958512646 14.5955321518 -1
18.4885722352 7.45482272119 1
2.89142001803 5.65262231318 1
5.43900336446 3.75069826023 1
13.8384779094 9.19524884616 -1
19.3841722214 2.44850864433 1
18.1230837533 12.4646875459 1
19.8241137993 7.05235614018 1
6.33456696561 15.1658617546 -1
3.42452465825 4.70599022349 1
11.5574551783 9.01742917682 -1
6.59058008144 15.9973668798 -1
1.18512688825 19.009140491 1
9.37109579842 0.208576759704 1
8.11222697806 3.61535256156 -1
7.07605114518 4.35151323227 -1
6.794423198 12.0344862499 -1
0.111416858537 7.61237156195 1
16.1151306228 16.4784463753 1
5.46767353587 19.0857161139 1
8.36202546337 6.00538661556 -1
4.43929651243 18.5357439844 1
9.21668386165 12.0142365441 -1
8.81871607099 14.6948824482 -1
12.4348181903 8.09017824339 -1
16.1686293507 7.8015030409 -1
12.9876730454 5.47412114339 -1
17.4101519832 14.3416780389 1
14.6847684549 10.4506320922 -1
11.3791439039 4.13268449238 -1
12.722321741 17.5511284048 1
1.27242547343 15.0028252813 1
15.585363441 5.80940979706 -1
6.48382749754 8.79808977064 -1
17.9504812164 3.05640337779 1
4.43996220614 7.01511545433 -1
7.16658955664 14.1506114897 -1
9.62239673621 1.42064285071 1
0.316286069699 7.49775007441 1
15.1221061159 16.2423420301 1
11.4230874711 12.3533442253 -1
18.7389259455 15.4105181582 1
1.49383171005 15.0101825092 1
11.4980317886 7.40522614374 -1
10.3850024845 13.0744994279 -1
18.8152175472 8.02481861684 1
12.4939977862 19.3458473556 1
19.1218117616 7.17629747397 1
13.0053153511 11.7692395332 -1
10.6699833381 11.094222331 -1
0.791340340202 13.7720619549 1
1.7003135973 7.76841537882 1
10.9586670844 0.960235684287 1
7.50497735639 8.88015060644 -1
6.37385155411 0.0951988907915 1
9.78945132777 11.9607093044 -1
4.86490165421 19.6687136556 1
7.52736680273 12.5882734753 -1
11.4285716236 2.25551521324 1
9.55692372843 5.86968901091 -1
7.07852891579 0.421905205327 1
16.9763058207 16.8325825743 1
18.811495077 8.23375014701 1
11.6569365755 17.4679386104 1
2.0340094655 18.0437549093 1
12.6264567415 10.7574868008 -1
17.4595870687 9.67953135504 1
3.13090176637 19.8413160178 1
19.0246730822 6.97929306072 1
5.31676634267 15.5838497578 1
19.5931038985 7.88680852131 1
7.21800084842 15.9685035962 -1
3.44465771529 19.9183202398 1
0.172449909628 1.70970874138 1
17.3215380219 14.4374868279 1
9.20264051109 16.1937280304 -1
15.7445271005 18.561945814 1
12.3728527982 12.0842037758 -1
4.16600515339 16.039387624 1
16.561007906 9.75685427262 -1
9.80081578386 9.67416412786 -1
0.261727219863 10.8542592528 1
1.34626192577 13.4740896809 1
9.78722523568 17.0373562143 1
10.5265084158 14.991681883 -1
13.2148196292 3.15182965904 1
4.2908395126 7.44401223964 -1
18.6225148269 8.59131952377 1
9.13103350992 8.04903728558 -1
8.83348223179 8.94532958461 -1
8.16524734912 17.2281669641 1
13.7304759627 9.75996190464 -1
15.4867730791 15.915673276 1
17.1438746833 7.96108192994 1
3.41922107043 7.11050650089 1
12.4529528588 8.64072404253 -1
16.7845299828 10.4448669114 -1
19.7159100224 14.7073893577 1
11.2332782412 8.26505862104 -1
14.9071518149 18.5326435387 1
4.99469196718 14.6964578193 -1
15.6240086372 1.90657249023 1
5.87155501914 12.3403702295 -1
15.7853266032 18.7750523811 1
10.8383745344 7.7373977166 -1
14.2805502436 4.78324476522 -1
8.35802926293 13.9405131927 -1
13.2627319518 10.9464449369 -1
3.00127784134 11.3814142679 1
9.65283665888 12.8115475831 -1
4.48667992397 1.85205031491 1
11.7311902982 5.03287231385 -1
13.022310996 5.83009742605 -1
13.9310775089 8.36680894981 -1
9.40495180648 4.99555855559 -1
0.991393755699 17.066441311 1
15.719957632 14.545128935 1
2.49433077907 1.95312825461 1
8.39062299545 10.9297361218 -1
13.1556741498 13.1604886587 -1
15.3284932408 12.3962320858 -1
8.72520829158 0.664950270157 1
19.1959461376 0.736642264052 1
8.44832523267 3.6977751337 -1
1.77786090719 11.4240383939 1
12.6195333808 19.7883122103 1
1.85429262355 4.92414349973 1
5.80268806254 3.05543130023 1
16.2973086892 3.02623801902 1
15.3798971265 18.7190505487 1
5.40533447988 5.46768229387 -1
4.06256033809 2.33381118213 1
12.9398361107 15.4934761181 -1
14.8639156695 7.45147673299 -1
7.18573280082 1.04835724775 1
1.41510289765 4.18652183294 1
11.4633714267 16.3216962787 -1
10.3454843028 18.7521479959 1
16.7447315291 15.883084363 1
14.8525922646 13.6225493438 -1
16.6362879111 8.90044665983 -1
4.81513270441 6.17741491325 -1
5.91402861579 13.8432708035 -1
14.6599149501 18.1151041499 1
14.9264943701 9.34998184829 -1
13.340861639 14.1355877388 -1
11.0205953144 18.9555351008 1
18.3991977544 4.09056092579 1
9.133046411 1.92055792542 1
4.35121767245 4.517496805 1
19.0398925271 13.3228550642 1
5.99167040902 0.10324821774 1
14.9253495411 8.76361168606 -1
0.331336853595 2.21773185737 1
12.7977712994 12.8717866572 -1
12.5701100875 13.5218690055 -1
19.6636460659 15.6143676444 1
19.9832915092 8.84493051255 1
9.24615904412 16.7167524882 -1
16.8578795498 8.92574524245 -1
17.1662516121 15.7780064254 1
15.134870065 12.3323821982 -1
7.57041758855 7.18450348983 -1
9.9322614126 0.000755185161909 1
8.09275861004 6.87307644064 -1
13.8134086113 1.72298303662 1
5.11595893754 5.65884825443 -1
12.0002983151 16.3088393545 -1
0.96520735696 4.18876954842 1
11.05938481 1.38113461674 1
18.5727755767 9.16597730294 1
8.84416369992 11.0388691283 -1
19.7370598717 17.3291764727 1
16.5879148021 11.2098293362 -1
15.7858508958 4.84203505426 1
19.5413957062 10.9854895817 1
3.1461476963 2.09776893449 1
3.96350046645 14.0816590914 1
18.6269125697 17.1725889728 1
9.62589162059 14.6620146537 -1
1.32868797624 18.2477222168 1
10.6208765411 12.2578822535 -1
14.2223037249 9.26374695222 -1
13.1588484054 13.0222113456 -1
1.44186562663 10.3392940653 1
19.8634272518 6.38793840545 1
5.01283602356 12.5300570978 -1
1.33025035563 2.53774609131 1
14.2321189368 19.2730291437 1
5.62721504381 11.9522731518 -1
12.6539527793 14.5365207604 -1
7.1100408759 11.8403848825 -1
12.1727188059 19.5013600691 1
8.40325842854 12.5592991686 -1
14.6139169 17.0837690993 1
5.43317350424 1.79932179495 1
2.74532940393 0.132597836115 1
3.08375949327 12.2642812404 1
6.90273794966 19.3811840228 1
16.1092958824 14.1456401069 1
15.1330839772 7.60112153585 -1
12.0702999061 4.17663201033 -1
5.32497595845 17.3663095254 1
11.6985964518 12.9441785585 -1
6.16675724325 17.8811267752 1
9.4702813933 0.608487366281 1
11.9250712479 5.79419945289 -1
3.45711409445 19.1262265486 1
7.68798723048 1.64509710716 1
1.39777297061 4.69719537304 1
9.09264055903 9.99326835942 -1
16.5126895504 16.7141438466 1
8.19428456257 1.02698273042 1
16.9441043734 15.1034857925 1
3.18959961742 13.8320233057 1
13.1935888917 11.8161894763 -1
0.328112487623 11.5143687898 1
4.6919825368 15.6518112723 1
8.41567745629 7.15004961424 -1
3.55957574984 9.19082034784 -1
9.99954821135 4.38137135361 -1
9.40178076258 16.9373778103 -1
9.42365196979 13.9711001341 -1
17.0963707199 6.71266574074 1
12.0226732684 12.7100841648 -1
10.3066637246 0.047820819213 1
11.9589090517 8.51364004165 -1
17.6042439614 13.6563062933 1
1.47718173341 17.9626559133 1
3.88112488265 10.7241357422 -1
8.46710065368 5.90110342116 -1
1.96428962966 8.50711442777 1
13.0243062433 4.35345631275 -1
7.40521976006 5.25604000842 -1
3.66406221031 1.56581514122 1
16.3506867642 19.4336788484 1
13.7113058894 5.78119952267 -1
18.0182258025 6.31436957944 1
7.06790885335 16.7892888284 1
5.90604517054 10.2270200578 -1
14.0022816739 13.3081037085 -1
2.39323151581 16.7956804994 1
10.412940656 16.5787471446 -1
4.64233040301 15.2318415211 1
17.5799934317 15.9263003972 1
14.5913391314 1.91162852427 1
19.780888526 18.6492202929 1
2.89855387131 2.36691852712 1
11.215341211 4.36631877302 -1
16.7048923413 9.8053496165 -1
19.1979949139 1.69499989621 1
0.0842590137433 10.6277000538 1
18.0797858042 18.8176062499 1
16.0234312908 1.39817817894 1
14.0779555818 9.18070771783 -1
19.6483275323 3.68970540548 1
1.2626604132 7.75580098562 1
0.546950553015 15.652467693 1
7.19396024437 9.85207511515 -1
0.556816247344 0.856661492996 1
0.908512268957 7.32354312954 1
17.016948021 10.9583608195 1
7.09151647652 16.0219807604 -1
15.9080326185 5.56549216224 1
7.27582894992 10.1978569006 -1
8.28006439327 14.0642940575 -1
9.61284571549 11.4576360371 -1
2.31296160369 9.72154684791 1
8.0828876261 3.93231208467 -1
11.9823676644 16.3398764021 -1
1.83967108653 3.60790321385 1
1.44004995541 10.0090390427 1
19.7875218442 13.7386805884 1
18.6324633331 8.93196192419 1
12.6368314653 4.28402577159 -1
16.5054735502 17.4020425999 1
0.0211520514684 2.65958484053 1
4.19730226793 6.7015262125 -1
11.4234496115 12.9942561962 -1
11.9471955389 12.2638467347 -1
15.7952555887 4.25413366284 1
7.82177964927 14.9532125252 -1
7.15702985882 3.87071531365 -1
3.8318623518 0.382324667772 1
3.93897460598 14.1442229927 1
9.55985618163 19.1400937854 1
4.95936727502 7.19023019604 -1
11.8582062872 13.9940090959 -1
8.76552717939 9.07224199673 -1
5.08370643887 9.71060738311 -1
8.65001023942 1.22710853554 1
2.25993024214 5.11010581019 1
5.11471952722 1.34658026911 1
9.53742205856 9.33772993047 -1
5.19151339047 4.52333439615 1
8.65569160585 10.6696154603 -1
12.928120459 17.4567133982 1
17.3245276742 10.8050016295 1
18.2017350753 10.6455926153 1
14.4805353661 13.8511836129 -1
5.35727760499 0.276610305704 1
16.966366729 8.06196102555 1
19.5094465897 12.0916410616 1
1.0890799027 12.3064913919 1
7.23754105923 2.47115238119 1
2.37901118121 4.14413935657 1
0.442151686023 15.5173295531 1
2.11221918259 5.43566806306 1
15.5740131429 10.5918105536 -1
6.78117383038 14.6419196172 -1
9.80303291251 1.41916529894 1
2.70132238231 8.18056184495 1
9.35533135758 11.6479472441 -1
11.2330177387 15.0986302274 -1
1.88407316463 6.6808266603 1
17.5900283758 10.8638620913 1
8.96574250689 18.2588660455 1
5.96193456198 11.0423784902 -1
9.33643130112 3.52623820254 -1
14.6656900315 10.6738297889 -1
16.9171450254 10.4127997274 -1
8.43262239528 11.4162696674 -1
13.3445214689 18.7813000687 1
19.9491621129 13.8970153516 1
4.26245044011 4.59830558664 1
2.92557922105 0.199697694504 1
2.63802006201 4.77775266088 1
19.6752447662 14.636519313 1
12.7862411314 16.3278525562 -1
2.56971000626 3.92163419834 1
18.7467668399 16.1177311953 1
8.0528819393 15.6126963342 -1
8.45147225206 11.4058997983 -1
9.3616650612 12.404977044 -1
6.88321653419 18.4379392017 1
14.3073070602 10.4343671767 -1
12.2735985778 5.09188147918 -1
15.132678126 16.5438546489 1
17.6133874164 5.24845569499 1
3.30836646626 8.9912646779 -1
9.22105694451 0.674034589849 1
11.712421071 9.19701189992 -1
15.3304207815 15.3924009165 1
13.0744213402 6.23176322312 -1
0.398386151917 4.04283382269 1
5.11036250507 5.47049321281 -1
18.5412681072 2.40907836439 1
2.32350194484 11.5590773195 1
1.81234913646 19.7963299648 1
8.26459322385 5.1922025433 -1
17.4571367338 5.35453370001 1
15.7523931409 19.1998915523 1
8.39366793327 1.96404992436 1
6.81077484683 12.3583400305 -1
1.9716723839 19.4085513863 1
10.1838958204 0.698634011444 1
16.228810538 0.748914026426 1
3.04776931007 6.11051636814 1
18.5591155972 6.2095953598 1
18.759815925 2.69518254529 1
12.4682072156 19.7885468377 1
6.30807007549 17.5873291113 1
2.63359766502 8.47079849283 1
7.11771307116 18.4124458072 1
7.95655053572 16.3501618034 -1
12.1084792458 16.2395115602 -1
3.62518562473 4.42474256895 1
2.45655656948 7.5228398996 1
18.1569546426 9.17776659273 1
16.8253523702 12.2735931716 1
15.7997622775 13.5579085623 -1
14.402588162 4.65469832025 -1
2.91064563712 7.29268658539 1
11.3803584702 15.5999837087 -1
8.8820723987 7.82464633212 -1
6.02905522831 11.9764174843 -1
8.33458622489 3.45086813865 -1
18.8825142601 5.17396666585 1
11.0281096039 19.0593353237 1
10.0448996786 0.462218014468 1
6.71292827163 2.92074543873 1
15.6548840433 16.320213759 1
0.71897670413 4.67494160185 1
4.25210108707 5.81418472296 1
13.4953488025 18.2572851011 1
3.39902713046 9.49642451689 -1
6.22097820547 2.08220271852 1
7.19890860217 9.89083931506 -1
9.22174856492 19.0051828955 1
19.7433882052 13.5078095107 1
7.6482476284 16.7746848642 1
13.7307711392 11.4091731243 -1
7.93156443524 9.74726490248 -1
17.2840666 11.8723010501 1
14.0921562654 18.600767664 1
