19.94192816857423 8.460682407386846 -1
16.86855798354442 6.439098590343361 -1
18.502417255839855 16.07940509165081 -1
18.03310515964569 0.7661712261956177 -1
17.307272129319436 5.438477168472149 -1
19.10768207936919 14.434036993106975 -1
3.888466822379504 2.926091728907818 -1
1.0048794344600176 18.376278543992548 -1
3.045395366975101 8.109496126061053 -1
4.6822161649227105 7.888187250824677 1
6.285286203479636 10.50301859350942 1
7.018185408454345 13.075888619136029 1
16.52689521552746 16.176020844826663 -1
2.0717543937437743 0.1569414284902404 -1
9.697161759252666 13.834085530414344 1
16.578250504201467 13.158774231994672 -1
16.266293042416883 11.693920467815532 1
19.600550442089716 14.927767213009279 -1
3.54189777200713 2.4745564414156873 -1
8.30889442022325 6.6511878796166135 1
10.456900827989164 14.470784241864685 1
13.996280201668235 13.868007652317583 1
18.664227690970062 13.467463946470144 -1
19.902791402624494 1.0813708344044626 -1
19.241870860450714 16.228426445776716 -1
16.73467301779463 8.806888040382388 1
6.477135223526849 16.162359201243802 -1
11.904181330380295 18.56934937138715 -1
6.474117809557567 3.3687547503607407 -1
2.4940314813724096 7.169332653774703 -1
6.016955004108706 10.627350158195512 1
19.032001624145582 12.143610025690712 -1
0.3545751414430276 19.644271039783487 -1
15.46697995407878 5.353553592727922 -1
12.637595663245246 12.621225806083933 1
17.74921269508663 13.50549308776029 -1
9.901930948237187 5.674369548999585 1
13.420334921833849 12.809839894876323 1
10.770297033553478 10.574205119475774 1
8.766168357905602 2.739667953860412 -1
1.381450838728182 12.314889868466743 -1
7.834562110398878 9.584663477174828 1
0.3491422649146525 19.511361234739564 -1
8.664860657567546 8.793905393929757 1
9.420725288266292 6.019429244094172 1
8.875231666201678 11.466712565207262 1
3.223337475769019 7.594164748353358 -1
0.8054930656098236 1.1135210700648135 -1
8.1404746212339 6.109938138969815 1
19.326390965716516 11.746387607835656 -1
9.494249829574063 2.742464765223447 -1
9.04802407004171 3.4255269603868155 1
10.11323005695828 8.93735340973066 1
19.725956555481826 11.144609623448869 -1
7.839968882759556 15.343113917162546 1
13.367322005884292 5.811815509199516 1
8.687130158239995 12.257783398367659 1
16.266823764705265 18.2217979921205 -1
18.73383734465379 14.441045632192628 -1
16.884801677123583 18.447254680196707 -1
8.791297602532778 7.440822354677525 1
8.620868260290088 9.594847744248781 1
5.937357277709381 9.354360711946462 1
19.511250351947858 7.008295427349999 -1
3.853640359025159 13.100870789085636 1
11.634681554361805 4.667568016145321 1
7.503738791789059 12.125169218538606 1
7.471545475321715 7.7713915396204385 1
0.2548321913877949 1.2922345747820319 -1
12.344899289783624 13.60105120681552 1
8.881994295780427 10.77098009840844 1
2.0450614885427476 18.61303493490917 -1
8.974435270246296 11.967720377722307 1
4.726810377585933 3.182034056999934 -1
1.881403929300487 7.439095373068136 -1
3.022749222019996 4.56640425723799 -1
4.259397976191006 19.766882534626433 -1
13.141535037984466 0.17847115570285288 -1
0.08751586435518544 5.696118691153467 -1
3.426146514299202 1.1388202133991898 -1
18.807732670756035 16.045370789086753 -1
1.13720519159775 8.74168668814065 -1
11.379191936415694 16.919652449608932 -1
11.320131615976049 9.282940337760419 1
1.4927003627005053 15.654085327857265 -1
10.975285136799059 7.695221836280743 1
18.59260651882335 1.2965525642038278 -1
8.762241073200629 7.192370043710817 1
17.334564200135997 0.9688587039838148 -1
16.121555054839327 6.102834564599789 -1
19.70979475064174 12.990715187806416 -1
12.174068772528164 0.7209968635596731 -1
17.64860139065806 9.789453434919182 -1
7.072656644442523 12.019516651336579 1
7.813144532508092 8.27241305093392 1
3.343755703565432 13.502361052663792 -1
6.593794709743106 11.723921987606287 1
8.774090516044563 19.590436880713703 -1
1.7037690063324273 3.145927158387205 -1
7.516374245894886 4.958092193714803 1
14.838747460727157 6.066520381209806 1
13.280165307717585 4.645802657412519 1
7.658897811992766 4.214089408718243 1
8.656849055072865 7.905833870464907 1
1.351645994687014 3.1005335277689516 -1
0.4923554267372299 0.9580120210298548 -1
16.450754413735197 11.864117393927607 1
1.8130523557563616 19.364131364481935 -1
1.3798298812239906 15.124594337439257 -1
6.884966250563047 14.482762691309865 1
12.59507537652815 12.339294070138546 1
16.413558086275934 8.134072361487616 1
13.714784234953427 10.815570139178899 1
2.7419194279035675 13.057943797970022 -1
6.1363433155406755 5.716146212677975 1
2.139942171446332 2.7291862236694087 -1
15.988106196830552 0.0071951338997156 -1
16.861306055313314 6.897460436743598 -1
13.806805012077257 2.8347167164496234 -1
9.411947855257024 3.7854820755601537 1
10.373129380874545 15.927013779478772 1
18.026486920079638 2.695613234349701 -1
10.324037079373332 6.691061662927716 1
9.115124651202448 18.217832885314678 -1
5.064726012010256 10.848782016230274 1
16.785177339925244 3.831703471686778 -1
11.867481118684855 8.03024277027718 1
12.422975376615721 3.7735909160882475 1
16.851081337026898 14.650861284375132 -1
12.15026028581605 19.44510332264316 -1
0.28822320317484884 12.57647500143668 -1
18.003845181837498 13.477159052470073 -1
8.314852758179722 18.94583624115849 -1
2.0829998065190103 15.990008215129269 -1
9.207263377670712 5.399922538683515 1
3.3723665149049964 9.346519492138404 1
9.121940367730492 4.766172126272606 1
18.715413669095973 15.06541136138556 -1
6.2383822172788435 14.653348335691984 1
14.051252796244542 7.17948012286588 1
6.17803861085882 0.13028785997113213 -1
16.858902316097385 5.495910814900906 -1
2.1569658782105416 17.92692190525046 -1
15.885923395290257 17.080888632117205 -1
3.4807061679847173 5.213299643009968 -1
14.271145292696136 9.941167644738576 1
13.188619451869435 14.074076042479117 1
3.0267561542445476 12.818387440612346 -1
8.103674108143199 10.549552076862588 1
6.516822943048179 2.036812228590328 -1
13.161370969930273 1.8861811229196546 -1
17.97731054995063 12.93134449815605 -1
7.3891641703833955 4.318383265703778 1
17.114863474016357 16.96015911643679 -1
16.405924058777835 5.84208955454238 -1
8.764103901295861 0.6164332187891497 -1
18.669115681575086 15.16082464345031 -1
3.7078793360216578 14.068686401477626 -1
19.92515879013895 13.070691864531343 -1
7.9431547510500655 2.0861986273682542 -1
16.91580584978144 17.063189982311105 -1
18.133634254024336 16.267872978832028 -1
10.406567733068686 17.528933403449702 -1
4.876115043894904 15.195006809808794 -1
0.7326264445766961 12.173971908145134 -1
17.638805785929243 12.555943033329815 -1
19.750138978859603 15.844023348691312 -1
18.149673922882076 6.37209666297323 -1
18.03609624050463 7.958704969756369 -1
18.535456725675452 19.340285536380154 -1
7.302553874352933 16.202967317315565 1
14.284304409976667 15.733109737923844 -1
6.448941482123289 12.106243025475564 1
12.282751325278074 12.03828194802129 1
14.15409154074843 1.3459240307474563 -1
4.683485997554683 0.213581437610475 -1
14.649256511440814 18.067566966060035 -1
2.1875063532882577 1.454419904018751 -1
5.524569931016854 18.627992084990204 -1
15.501256543482507 17.61580475668721 -1
5.010476679526857 5.205708966375302 1
13.793946201828614 2.697016142575903 -1
4.931618739410817 15.17185790603403 -1
17.46513889699017 9.576033223358714 -1
2.9980022503987325 6.387920334030904 -1
5.975155789404045 5.039772459078575 1
11.344538317384439 10.42587694814668 1
19.751763181497033 8.400245539741844 -1
18.3309801829316 1.8157934521493324 -1
6.446470548790646 8.481019139148113 1
14.663691497708404 2.534167984642819 -1
10.211902212868997 13.75201208707985 1
1.6740169709567465 1.6537522400157956 -1
4.01278021642219 12.766448408401132 1
10.129524935025797 4.4314013473712865 1
1.4892823417434164 10.014110226517175 -1
14.81403602723356 10.236047994100739 1
9.748269190903018 14.172523862829571 1
6.369170634949426 11.420193394550843 1
11.086102969800294 16.62471760442565 1
12.292896125265152 2.4469291094058376 -1
5.25746981910417 12.278429437474339 1
17.918314613216257 9.361405618537697 -1
12.644062807875425 15.078690312411736 1
15.816249400586024 11.074241891131608 1
15.77209519672084 6.9342218029506135 1
18.582150814199224 18.332423932267222 -1
14.06419614406576 6.388889996693711 1
1.927014577659003 8.40697473629417 -1
0.886538436908606 16.592006207692275 -1
13.859308889398893 2.0605323251921126 -1
7.4328904407519225 8.810941945154255 1
16.851180777694065 6.492761241989545 -1
1.2762194841667673 12.226050462362398 -1
7.505764658544458 8.6505707181804 1
18.08479767046175 2.0024296901995697 -1
18.757183966541533 2.1877291322272185 -1
3.292126847716088 1.0434120099724842 -1
6.96073616532664 16.670538334661973 -1
7.943098674685441 2.405679892729673 -1
3.095037584905076 2.288377551988705 -1
16.943099637229956 9.169648393317779 1
11.82114695023021 0.06341201566907984 -1
12.182345565951586 4.810676769685902 1
14.498880409619703 3.875565899376814 -1
8.311452043643154 14.087198790381503 1
13.64457050839988 0.5062432850534027 -1
7.89964849583215 4.767896395466944 1
12.169038247407416 5.106451249051814 1
4.692202190438555 8.922960576665723 1
16.039866545142708 15.354114145651605 -1
5.653841168539859 4.8722475162632435 1
8.996960556158896 16.322334336571945 1
3.4050492591095005 6.909364581581436 -1
0.8886467965258937 7.781311603795009 -1
8.02789209630366 10.884397594555393 1
7.12157607323719 7.1087707663511175 1
1.0634597389567069 16.998162033759343 -1
12.74285781217463 1.0448710127053218 -1
12.31599560765864 7.7538772447313935 1
18.606205248093307 10.191309379739426 -1
14.10886743358633 1.3306970507002402 -1
4.31808569555578 15.302017329981542 -1
3.8275227323325423 19.249449898800233 -1
14.30336005650059 3.2648629397135487 -1
8.139919041879203 5.4125824071274 1
17.69713297443672 8.063833556517856 -1
17.64437330046437 4.394605758599175 -1
11.697017047569702 9.068074961536965 1
4.846546033600967 9.43669571757126 1
15.870540714556734 16.533438480529274 -1
9.91371557141132 8.40502008148288 1
16.50525558629679 0.7620156020129976 -1
18.915941916681966 4.993595783645686 -1
0.39267024740615275 3.0546072695897086 -1
7.71947138710596 7.928099680293896 1
10.85847220391597 11.197484541597946 1
18.395778103520644 18.337566488777465 -1
10.189284007578788 15.520517611102644 1
2.692850307592234 2.8151392086932647 -1
3.823623580438804 19.623776669500238 -1
4.170337376455924 2.392988013146664 -1
8.36400572140494 12.881324298810062 1
4.7759879762115 17.923134388173207 -1
13.346935183552162 13.908095775556962 1
2.302868272734082 14.262215119187243 -1
1.0030505722201521 8.706003637187427 -1
6.0126080261787855 18.979019243731994 -1
12.908272985642197 1.850901771742064 -1
14.673316365901028 13.914751896652074 1
3.980913962431938 9.510347822014323 1
16.452743813742785 19.08194736242764 -1
4.818814013958872 2.396583837361186 -1
13.61913464966712 6.022506155084153 1
15.385240140571494 3.536197142633477 -1
0.5431803885786834 17.61049436638969 -1
14.320145808806984 12.145767139721471 1
17.177170431587065 19.9486869005439 -1
12.821936018221201 19.90252795916858 -1
9.675997978009324 13.935556495575579 1
12.284061997714637 18.474783653932732 -1
18.3245876924024 16.550387889021316 -1
8.999464619524975 19.68517157654176 -1
6.068005902095345 6.569858946000757 1
11.449767692993067 9.800723532409437 1
18.25381182986294 8.909565076396696 -1
4.010369183237847 0.7678375440396645 -1
17.438752921955746 11.708846133593202 -1
14.710609246269595 19.765952834038746 -1
7.09857400487677 8.397093683711706 1
18.672645450086833 13.311101011684716 -1
12.095708616909281 15.153059850483956 1
13.912389472406101 0.9351389038947078 -1
18.950329100535946 1.7723306746648348 -1
11.195550390871198 17.239057709564282 -1
10.408760320947188 10.380373747492424 1
13.05538797344026 16.37638677140751 -1
12.937423136713576 13.01257829810097 1
19.032881788619942 9.436535013790156 -1
10.015361871430134 8.849664515544166 1
2.5411475885218526 7.089747698838 -1
19.42438328261876 2.8003317492667112 -1
14.04367580909921 1.3814614153721738 -1
10.156021883043493 14.014714919184598 1
14.033297089753333 5.776849084146316 1
3.9445427259642263 15.265489666425529 -1
17.295005856267625 8.87758282582688 -1
2.500783617786937 19.314366570320683 -1
19.737457082155267 16.01331114234134 -1
11.244110361118908 4.284261840629526 1
9.371482909243568 2.4477637460498314 -1
2.844594139526848 13.528886393543395 -1
6.532353324137709 8.196255080921249 1
2.522448466886218 1.2569797566233643 -1
10.136751269252763 1.8881376017180629 -1
4.417714642217372 11.725450230059884 1
9.55262779097116 1.2163316441046135 -1
4.208980533434774 1.694453646490186 -1
10.197867416526368 3.577358585546251 1
15.797330866269686 6.097420549686261 1
4.308180490270419 4.835294903983279 -1
18.933462977774166 1.8727944573320254 -1
18.612163541516395 16.270803728384998 -1
0.9283717257066448 11.159199009719309 -1
18.107500889546465 3.911707812335825 -1
2.7477212268172146 2.9984692622350684 -1
5.741984222792409 9.788836345585043 1
18.263845706242336 8.389720217979777 -1
18.424435197313446 9.470432180107887 -1
5.413164411873865 18.60103200493693 -1
2.28530522011261 0.42167981794416054 -1
13.378468536286084 13.592025655807573 1
18.721888337983856 3.486386828026904 -1
1.290313702949164 14.606486229316808 -1
13.210130056415313 5.047995239274803 1
2.397031668369425 7.357487681063994 -1
18.32676255790761 7.645414308503218 -1
14.486256545305219 10.858956999989209 1
6.5903760079545615 7.730667860235066 1
2.7459947045213573 13.349779729860959 -1
1.0433130330973084 19.244900778471724 -1
2.8413799019799035 10.418195387655603 -1
7.022246410076622 5.392517514693536 1
4.3158168826929 11.773989941286844 1
13.341535404566365 10.226879943665724 1
5.363488890968857 10.927809895210617 1
18.88559482392886 15.074047807546906 -1
12.13906098389262 16.035913612692234 1
13.72101637028159 14.63182480675265 1
12.80180957062962 2.393845473002467 -1
5.29552962295176 0.655767069405826 -1
5.396630099280186 13.646361446034048 1
18.356170412440814 6.447724104723331 -1
17.106887894133216 9.306182663388169 -1
2.3786610974374978 5.7202472128883874 -1
17.04395331250842 10.407575258531015 -1
6.570314807560966 2.7549853059016693 -1
17.419009326318886 7.541088241036274 -1
1.5251148214182586 9.477745614298074 -1
19.318750070403887 14.580320092002983 -1
9.226325405096151 17.561558306643775 -1
9.542084248504432 16.674540664140086 1
10.480578488826591 13.521638428883103 1
10.844776096516526 7.40247530056979 1
1.1046766811635078 6.89394306242781 -1
4.074093229302942 13.12031661546748 1
11.753563673767214 1.504117822987181 -1
3.5579884097054437 14.397473486641177 -1
13.896164575357862 14.490691515124855 1
12.69688617356678 1.8508006290365442 -1
11.107597604919752 17.23383456259679 -1
10.112826133370781 5.476309690799967 1
15.884059620668303 0.10989572257529057 -1
8.362502696106787 2.033040947871252 -1
0.3148736675582975 11.49037718553754 -1
8.833061240767039 12.90340803292272 1
0.32746519560335585 10.063832222709978 -1
2.2561871768004194 13.236890918684583 -1
0.4322220860981685 9.929579365348415 -1
1.1275797075094607 2.8529680878800256 -1
11.509306723796806 9.833342117737073 1
0.33987125946415064 19.24282645859364 -1
17.247909248776182 16.546434647042645 -1
16.95299833912196 15.346012897465709 -1
7.641057000161351 3.868418670347422 1
2.350603122184578 6.462699305978619 -1
0.4944269362734599 12.819071135128642 -1
12.336862638446046 5.163721884562758 1
13.677399369378701 15.512099770233172 1
6.602349235313483 0.5479623604858497 -1
5.2848370110877285 11.01945810956553 1
17.135613363871954 5.952531820946973 -1
7.732506716948821 17.26384123381905 -1
13.03480737395641 3.9175546783984028 1
16.969296081798284 8.656875830483639 -1
4.685947687395564 7.444044685810354 1
16.122836731632443 7.414484229690659 1
13.01156436834133 8.722039507625238 1
13.738724418440992 11.96809065425274 1
9.19929181066461 16.9147441856717 1
2.1762786806892476 10.77037786764537 -1
12.084949745270993 4.664397402047056 1
13.957176951666444 14.12310923761552 1
10.139401083539735 11.98104202416493 1
17.50480963407156 9.909350559777542 -1
0.2721751674797135 6.069857796995768 -1
2.7913674132565713 17.117570438299218 -1
9.273903202308013 11.279106580987197 1
2.0927321249980224 8.24843155260718 -1
13.096485939012332 19.14665836111985 -1
16.19743857385929 8.977004196666256 1
17.859404845760512 15.257573351309787 -1
12.47519264369691 13.395010503744466 1
19.681910726923032 9.216058295459462 -1
4.372269556596331 19.751799099532022 -1
9.82341666036797 4.26924701052857 1
9.575192032576762 1.7369065547272733 -1
17.572768213288327 0.5774953298810304 -1
15.42194865190501 0.07650989112299111 -1
10.821300638443523 15.591068163875438 1
2.767668714612739 7.244392967527902 -1
16.051429030349173 1.7879883076638547 -1
12.17536330739097 9.580899718598367 1
17.88120700570975 1.4402303390480253 -1
1.8847080187981913 9.641364058233005 -1
10.650709669165073 19.87646265278115 -1
10.534269124759625 5.111327143493421 1
14.017492166901738 2.0774908171555184 -1
6.069233945267638 19.52456444518204 -1
3.1658863313079166 0.93646764394967 -1
16.993760511616706 15.118440489092093 -1
12.618045977947496 2.008227295097398 -1
15.133084674498525 4.353056627182783 -1
18.28896982200852 16.46745912073492 -1
11.887272770081225 7.03081958799009 1
15.719676044721142 2.087981444459357 -1
19.840155674326944 4.387814768073602 -1
8.615611673682428 3.7542898537551506 1
11.769877707820859 9.421465894550407 1
11.509481328897497 14.567110597360156 1
8.877162463154718 18.26218041970435 -1
18.751736196990286 12.40918000195835 -1
6.984717575667474 7.258721843177791 1
15.88094675525339 0.619852782221173 -1
17.414046751964886 1.0215813186168266 -1
1.6798197370527634 8.00838181435575 -1
7.517753643077498 7.221642797868828 1
11.087031886964002 1.8543669357198556 -1
1.9530267972121274 18.809989596411306 -1
9.62120412863586 16.260458314451977 1
3.93590370245811 6.789916453357341 1
19.735049733480047 17.711386367848302 -1
15.987051181656053 5.6830897984374555 -1
6.532507271949493 17.157715094669825 -1
2.8851951872183146 7.084430531005674 -1
19.379038673110966 7.650987329616501 -1
1.4390913065351651 9.529241057049019 -1
6.351906177704358 0.4728585405917851 -1
5.526947329166633 6.55778793965613 1
0.49248748589187263 6.350392437621338 -1
15.918527300303367 14.857182565238944 -1
10.220919607542672 13.718881528642186 1
18.08120042506834 15.820125170461722 -1
13.376648814155637 14.102246097942093 1
13.367368271919851 16.03011710300772 1
8.197811959339045 7.196776847750998 1
16.052571182946274 5.77254309337887 -1
2.454838852990777 4.388753287053968 -1
11.690681781312763 2.4272032802267485 -1
2.7290250463509014 14.14110206433155 -1
1.095442598931018 10.980931448549933 -1
2.008586193499211 2.9020052578092104 -1
18.80248864959834 5.2306432855646845 -1
19.18668266188255 2.759423917332171 -1
6.874586231939837 19.401314930495783 -1
8.629881558216468 12.362560800316887 1
16.59531886030245 8.510207964756907 1
10.081029582304733 14.339733776011506 1
8.750291096372568 18.529634955475217 -1
17.432085856887912 7.243507551870105 -1
10.213349531367076 12.07705126531605 1
2.7968785691501274 12.73040726120849 -1
16.311104952544312 3.134822884092343 -1
10.603257930340291 4.226125369823926 1
10.817769305560425 19.51641821752333 -1
4.379689312385173 10.455242076056246 1
1.6050783824248005 11.110210790756183 -1
15.153844134520247 6.50090265994648 1
4.365764786333701 0.7439103341344389 -1
15.69056850783828 12.413877161591543 1
11.770471697865858 13.275768846404887 1
2.458496730426678 16.2378619616546 -1
7.0273524716752895 1.9681732110884975 -1
6.166977459388791 6.274327017162271 1
3.4359606825250055 8.321166105333406 1
11.224461455633637 2.9332506789603596 -1
11.025312653194039 14.043968936835745 1
6.969343682159352 9.290327760624908 1
6.15074117755203 2.7629200447121116 -1
16.447954178550766 12.304140434400859 1
6.853955464361105 13.428221451375686 1
14.222394028786116 1.7635664485560043 -1
5.9677934909404495 13.820763372138034 1
10.233875213936985 10.867519648704501 1
17.880111183397837 13.360038762671396 -1
16.404162146499377 10.604487591708576 1
14.759237583490803 14.649544858327237 1
2.962759221391036 0.15492805870050086 -1
15.938782448430972 7.926000906536568 1
13.544231192591393 3.17221845088943 -1
3.8743992783378367 13.14231788081758 1
4.573773280680635 2.611540144755773 -1
0.44987795514844553 2.3492035137799006 -1
11.224625829796807 0.8614459625847015 -1
8.933680842504534 17.46795608386233 -1
17.570743358863062 8.63973830369066 -1
11.381315650303703 11.653164424949964 1
10.420206937488103 5.605037565017059 1
16.193679586086883 5.2466294785538 -1
5.9269360357663015 11.886493108209692 1
18.25461733444835 1.0583310454648442 -1
14.176128227027245 1.5456272610836619 -1
7.408545051953961 8.142234573211649 1
5.22486310782504 16.486353952129566 -1
10.356368733366612 5.327287042774332 1
12.951295913116216 5.741621997600137 1
4.246425949227211 4.3691511861443155 -1
18.805201873448826 2.70634986182104 -1
15.440323629050292 16.666272823294165 -1
19.676522203940507 8.974464782024969 -1
5.8914633738025435 19.315340415815413 -1
0.5789127874070266 19.18771941482695 -1
11.318327453543986 2.763616734524643 -1
11.828027662609914 8.770880403637893 1
19.3478325202899 15.392630813087035 -1
11.221910976895144 3.9807064229480082 1
17.175608669718564 17.525193291386177 -1
12.299597421256369 17.08483475533137 -1
7.565836836672477 7.236860519293586 1
9.18283116803967 16.666364226586296 1
18.59149474852025 6.076269230921298 -1
17.878520149136893 4.049569297111861 -1
10.763944880734467 0.28269812124648075 -1
10.522839895987623 16.60299243074997 1
13.16241156399743 12.367364803314931 1
10.393231217755686 16.927396087727377 1
16.279315846080703 5.418779823584112 -1
10.178655467340572 12.199430563775396 1
18.984972522066798 6.631838135225938 -1
8.554191582540422 16.489279766892547 1
9.867038418173639 1.335362884364617 -1
13.372742525953988 15.066267790293962 1
1.4770240292525183 8.783365771311054 -1
10.53080350364193 13.351802009948779 1
9.543106402370633 11.244637979981192 1
18.905793846018334 8.738184904873318 -1
8.560165301704181 5.904064954133926 1
1.2523009234053784 17.835292967775747 -1
2.711006718825675 4.815440095525947 -1
16.84422939585673 8.02629060604825 -1
0.4242475721094019 4.161698355150667 -1
6.673477826334395 19.356429071946014 -1
5.15757366467035 11.167827620007797 1
12.338313204190783 5.344903010866098 1
18.142512792462444 14.867316857958002 -1
16.703183344577596 18.635012030717473 -1
2.48230418234592 16.903335261022512 -1
11.423669859733357 14.744138895963964 1
6.852630414962966 19.083677547272437 -1
11.767538550042998 17.1246856525483 -1
13.95756870865492 5.242015111335878 1
15.655557263394982 6.03268581819359 1
8.495971646626149 12.48366767062306 1
11.94039034524037 13.748652132598805 1
3.8698880736676444 12.251675349603108 1
11.510159782345173 11.072141038014266 1
19.081173001892637 3.7512046116027986 -1
9.8539847633121 3.378411819250915 1
6.8799582228768985 5.368657460785766 1
15.466551233617391 7.247628171996117 1
15.888824496599065 6.632523132001522 1
13.948697629336895 18.950869278172934 -1
17.623102011200874 1.360299253893098 -1
6.473713053129842 7.551684263647546 1
18.11183352500984 2.443832723198547 -1
4.199345952802331 4.958728318579122 -1
12.50447108774736 13.352971454883916 1
2.677542354105431 1.8933509020155714 -1
14.548836793139664 5.166762757728267 1
18.235182499220066 8.073978422003865 -1
5.797993077380566 15.302453057336077 1
7.624389493661992 12.894987883856965 1
6.273530507456801 2.1948343680417937 -1
2.3223487169654677 8.327997183020074 -1
10.103308853523469 17.12502894075764 -1
6.4061754625079175 10.710603708206643 1
7.436903549296923 19.391888324029193 -1
2.4971906691753842 12.994887184301936 -1
10.688364718896198 6.63849259683418 1
15.132848784194932 16.90575194295871 -1
4.176269162856469 2.947929620633827 -1
13.465462099686006 0.4187359459826445 -1
19.536433887836353 9.66427460917748 -1
14.495220090535387 1.3631679711052036 -1
16.812993938669074 11.897641883980548 -1
17.145799474170577 14.66588602661121 -1
13.098234686890084 5.697778306847397 1
11.409633347895284 2.324229536356206 -1
15.455923100122819 1.6509736541553344 -1
18.526279847711923 14.593461795292331 -1
11.183836735316682 9.558004922021325 1
14.5548274189821 13.962087396964293 1
10.851916516264815 1.2744850070514424 -1
5.883421440179855 7.460432032428425 1
0.7649395829997019 7.408151165166323 -1
3.190622853946803 16.14858827863551 -1
18.561265023640495 11.063387127631302 -1
19.791355196128215 16.17210629350673 -1
4.42200375458177 15.473437712714212 -1
6.514111698622007 8.002633184424756 1
0.912095757867013 4.774678674233108 -1
3.6490079125793984 13.356687137868736 -1
6.679478706013433 18.692458568430784 -1
13.156815633917507 4.156107949258015 1
12.345174828030434 4.579914755246102 1
14.500879319218253 13.98822648039236 1
15.80715726813735 11.940654669031371 1
18.49648071224738 0.10009031213682684 -1
15.855350783178274 0.15579992418176536 -1
9.94666235049695 18.066792854421465 -1
18.78832182710413 0.8281639719209943 -1
12.32795598592784 9.831564099613225 1
6.384478283287434 1.8409418474450256 -1
19.305500919323443 1.0910061971210072 -1
12.158592281691927 1.403951378146182 -1
12.476304456889375 5.447001726987509 1
10.331713397467503 18.302626573350814 -1
11.194060877570209 5.9931254208162805 1
6.022720027149358 10.724097986580542 1
1.993600529631372 14.969657319896 -1
19.991166094755794 7.317317333586104 -1
12.57458311324552 4.258871270527251 1
13.731140965823093 7.984110353479541 1
16.109225957927627 8.247100632294446 1
11.508712806583548 14.074944077760472 1
15.924142659866604 3.984428818873027 -1
3.8564606912886057 1.640800424712201 -1
4.8925002373284165 17.821110626709412 -1
5.487415768340189 11.329963056823267 1
15.165557408435815 16.24590053542415 -1
7.060492728211429 16.447011749180128 -1
13.069980399924201 18.225535276655325 -1
18.881268332937765 11.7257784564142 -1
11.510192807595637 1.826240725691377 -1
3.353849472846604 13.773214674061098 -1
13.778934549840757 1.5361840635689128 -1
4.532241947993367 15.425225224527432 -1
14.222851383733703 6.559888858833986 1
10.57543451909207 14.803782881776806 1
4.5021999040553595 10.057333929943265 1
4.9120846787690535 19.00911088213291 -1
15.613640415524376 14.346076403094042 -1
19.96069175775377 3.8874633669870517 -1
6.869648321282926 9.124014315102539 1
17.229199319764945 0.2904573417242129 -1
7.117341905634036 9.987395628697005 1
11.39891382539388 6.015091382871347 1
4.682452309216165 0.8714052160503871 -1
17.70731716671338 8.381350861064874 -1
19.740311467673763 15.342947989186264 -1
17.179022160178402 14.256374605447242 -1
13.710937635876824 5.275215731615859 1
2.183844628903735 11.109175850342027 -1
2.3264624344657614 1.5175240114761346 -1
15.16312118391043 15.607391704448384 -1
12.18496123979749 11.112901760761265 1
19.357824756071796 10.002619254254146 -1
11.58948578706048 9.722401170430606 1
7.5955065229173275 4.954894369809786 1
9.726546103867266 14.588187531022633 1
18.539538323357206 15.50845166350083 -1
7.679395714137511 3.992678376651766 1
8.415278665344836 18.02548672148465 -1
13.04796109909792 4.9768032513307325 1
0.13467285506594484 19.734708655581414 -1
16.04206656220796 10.527578306189724 1
6.737667198838057 0.908878424870756 -1
1.7634697709407887 10.082466460010926 -1
0.6077341779330947 3.804875998375865 -1
18.15578060099864 18.69168357157293 -1
10.301897994622749 12.781101341321078 1
0.2530913763128195 0.9356833009838783 -1
15.878615916182607 10.282036861642524 1
16.4784308738745 18.127815335296567 -1
14.546087179173314 15.993257229745286 -1
2.217474100771857 16.16019154289998 -1
4.564869338833846 7.307514650453566 1
4.074289779192821 0.35154662156703154 -1
6.260396471556422 5.148682162569724 1
12.031221740849634 18.854873530459535 -1
9.355084168620243 5.365269442986524 1
6.2535253870475955 5.42186133521144 1
3.861777035058185 19.313645140669145 -1
17.968497939613012 1.8849833040983643 -1
2.811711071391503 16.970881950935667 -1
11.66825187997571 17.439457959517885 -1
8.807970589532184 16.855089048951232 1
15.663816565612459 14.786319020369943 -1
10.160827293369879 7.511611398165103 1
3.7023802976796816 9.699224097838728 1
10.56971112930438 15.015707118431777 1
15.543654799801484 18.8647944239736 -1
1.3280646693350007 7.016314521168924 -1
13.208784307629653 10.56087408384119 1
2.680556911657719 15.392030832622574 -1
16.44139489639712 15.151857792196514 -1
18.886246356508952 17.92671445886686 -1
0.733101019833382 0.508882467215368 -1
17.26756106304914 4.659430549101988 -1
18.8001880224815 3.0981097110500477 -1
15.22707925765134 6.6586364549451105 1
11.546496730448641 11.10385239949261 1
0.08713479476376129 3.736029506959493 -1
6.308403239818505 3.635925685084227 -1
0.7559524414568619 18.632552646324886 -1
15.382687363459095 19.429799222190198 -1
11.40791779047439 16.91160533242862 -1
12.733295122419605 11.397102185937676 1
13.228269235623728 13.148310287714173 1
2.853939001687591 11.22586020253408 -1
9.005453669852235 4.116032509139272 1
4.386674729809914 2.0117416596456006 -1
19.488021636907817 3.463891527334053 -1
18.066519655399226 13.694981128969756 -1
19.61355407482635 0.4770754138673028 -1
0.5027254712142848 15.181819140461014 -1
17.449751971532407 10.736176653507144 -1
9.182503076290942 14.486703668963237 1
4.1910048996780525 16.0867559203524 -1
9.383013584371758 1.7876941317333506 -1
4.465274278684836 7.6024885750485005 1
12.001867447019492 18.77269241277653 -1
6.640047850129022 18.54506473771939 -1
6.41091515272721 11.26589681673892 1
15.155893639907703 8.41524393825146 1
6.23714577388516 11.99227643632669 1
4.807513699114294 14.51401555386786 1
11.92886956235686 2.0099464245099496 -1
11.810812645999967 9.27295199436703 1
12.14496413579733 14.019707373434587 1
5.209646099526422 17.516379309916083 -1
18.776476164167303 18.964293026008818 -1
8.789186247395458 13.394159767929972 1
13.130821543841956 14.275109117555512 1
5.7239396880792714 7.434816048938013 1
13.44615216634411 14.323313072168238 1
14.081447340895256 10.227352291519459 1
10.921411118474627 19.640229415078704 -1
19.617205466633592 18.286905505347026 -1
0.1100100897919587 2.8709281817276544 -1
15.705745753407598 3.7118083239953292 -1
19.600059654857564 17.826802554699754 -1
1.7514713983094254 11.516358867426199 -1
7.161490468759279 14.673887268690173 1
14.411265534554571 8.028558710510998 1
16.472924350694676 7.425403806170722 1
5.948864110664889 16.680918220412625 -1
19.363993984739857 15.844004512348 -1
9.779095996760486 15.987522287426188 1
3.901298674154785 15.122088983472931 -1
8.04349526826555 1.7329226677090093 -1
10.851942206051122 16.977074586877578 -1
13.756205755196229 19.009807696163694 -1
2.333281430277354 8.733181343162462 -1
11.34371288421423 4.2717128990416136 1
6.0981015114305 3.398440007248067 -1
5.020497294100254 18.74296156043267 -1
8.543560627961178 0.20402290542800516 -1
14.29211239263195 4.013851469247451 -1
12.415164140495008 5.176321683498282 1
8.277527518658792 2.264307464644 -1
12.981852929869198 10.886604953076226 1
4.633136091030165 4.765788896830654 -1
2.9945782055584536 3.433366775140909 -1
9.699352872494993 12.766992909336931 1
4.575078098468268 18.71852199515559 -1
6.805916518021659 2.17302726256986 -1
17.979845965840596 12.132943196010642 -1
5.657394968927576 5.615665450588356 1
2.3177795333103446 9.584420786345905 -1
12.475050448620419 1.6764174015068112 -1
16.228057178947456 11.871118226847784 1
16.287397663344226 19.342707036577373 -1
4.371208266849489 19.228307236766522 -1
3.5557345742793234 6.840630670362939 -1
13.513063519112624 14.228937375855622 1
4.6550047249451865 6.403044097171822 1
6.554049152016734 5.083657669596455 1
1.1321908990618845 14.56944647936552 -1
0.2676069778316914 10.479810578475622 -1
15.603448329146023 5.60513251197245 -1
2.0481555865914824 0.3169052797420946 -1
5.481906067073021 13.334353557222837 1
19.809304578994496 17.98737864576914 -1
6.512894307569772 15.211344212822917 1
15.908075212395934 14.196893977346738 -1
3.660123284043315 11.340877453491382 1
14.89755094407823 16.820368397741984 -1
5.017495973280839 6.992339483585366 1
19.857593402127392 1.1642696346557724 -1
6.4852527579703185 18.979486096713178 -1
14.03117109587498 7.340040496780562 1
14.834047949867484 14.207018500803938 1
12.984348156064659 5.231611244493339 1
16.49275102188849 6.358267498561386 -1
2.9922964694013987 18.149349941671545 -1
2.763998600306321 2.0246134667978333 -1
15.84011496143997 1.948904257635078 -1
0.7266101143385262 10.51086826693723 -1
10.414087642152909 11.650162501103917 1
8.888118583768335 5.056521286771196 1
13.446395372302804 16.235133694665343 -1
4.984278768316299 13.816160635014036 1
13.470917327164077 7.839772998568928 1
8.742469306970378 14.788712130518205 1
9.714838888859871 6.593429947820519 1
6.258675267894125 14.793795300111466 1
3.67496645025684 10.665757206761965 1
12.452561981359981 5.953433478669787 1
13.001046672805153 5.876123294238185 1
11.460176112135475 7.494384556406322 1
8.41591598869532 4.749069359192455 1
9.066505155876028 11.013996138650432 1
12.010515109681748 7.697103511437877 1
14.42639305646231 13.321347162366294 1
10.555999667428056 13.08549655935155 1
11.296035689441497 11.277482505454554 1
16.49339646401178 7.843790791727468 1
4.626799983853161 6.125913834245211 1
7.242371516410609 16.390585589458627 1
9.884249316444361 5.599317405015077 1
9.478606583303534 3.5803977374302387 1
14.930448993844793 13.30224086559727 1
9.174640838606665 5.193522336565557 1
13.042997561878503 16.243449812268306 1
9.455516140851493 7.660104125140236 1
9.918678972291769 9.197345619774264 1
8.46926781534751 8.181640790574093 1
6.283167956547522 8.27973870221947 1
6.665499162681043 13.186336991325064 1
3.4652494031941905 9.083182203581131 1
15.345004031775716 5.731208710486149 1
14.674467990198458 5.81529966591162 1
16.07703929970928 13.403909074869379 1
13.164008864716376 15.774434780770843 1
9.554828659357355 10.635553046417234 1
11.541705763336939 15.533121187505106 1
8.532337674863914 3.8983838655569936 1
6.999065640983357 6.559002159854526 1
5.368855294657083 10.219212445632893 1
10.433183395976773 10.174988986340988 1
14.302237423355093 9.887319216258526 1
12.731327463448583 15.759144698151292 1
8.185755068832684 9.461787971586809 1
7.8467274160938905 11.824458801140434 1
12.97195933474577 14.28084251013734 1
7.506673343892265 13.25573043347495 1
11.022412220500168 12.811647245687203 1
16.143594068410952 9.390208499190724 1
9.111888548956017 5.4452855143384316 1
14.942419587434072 12.870058743801337 1
14.192871108500622 13.42707202616111 1
7.919793741246009 13.946646157988773 1
13.933874035464163 4.91919979473259 1
15.645956077441285 7.935842076166573 1
7.265969180265939 4.39276170787485 1
16.128156107395093 13.368301740365883 1
16.330590637482597 10.807957036616342 1
3.4927713305943553 10.240850807827403 1
12.305411937709131 7.842169354575486 1
12.917265027894898 5.886899674136819 1
13.440560182539162 14.613920466842316 1
7.8033534607966875 14.25696461892387 1
9.161955648901458 11.918744554944071 1
10.084363942794795 12.163211605358029 1
11.32013601852581 9.187625865300678 1
8.65054682526361 14.969170418253217 1
10.387407386303991 7.166749526829202 1
13.676347360893129 5.055793948740237 1
11.431544635559003 14.101252078797193 1
10.279284394122815 14.129709850720431 1
9.145505982353576 8.501155930945206 1
4.81919059813658 11.772277498948498 1
3.6504603185736673 12.584703563374442 1
15.537017556371351 6.621495035640537 1
14.390568336543987 7.367825441788689 1
10.192290723082948 10.115839899452187 1
11.332620304636388 15.800039217475739 1
15.58952153823795 6.669378645222787 1
4.112994953529732 10.776854245163438 1
12.96184350916645 9.015860162473263 1
14.085636743030319 6.946574364366369 1
10.668995001625746 16.632318369661043 1
4.299339090222192 8.330704226557529 1
11.167275653900928 8.20841436988687 1
6.763481777883291 10.183296132594268 1
14.10799313887108 11.777587956768036 1
11.217960527057198 5.641049552145397 1
13.411009383506629 9.60939146384188 1
15.750412644408353 10.404294269037814 1
10.301406180440772 11.0643327305933 1
6.291208044306396 8.21598836693778 1
5.083946978833421 6.734460775660393 1
10.142482481199767 15.588247531291534 1
8.14481260945641 8.323744860796916 1
10.533422416165655 16.825273757479067 1
15.947503824746525 12.415096388769605 1
5.501992269239004 10.532061191430254 1
11.363132206467291 7.490454777918236 1
13.97837123152021 11.837640440517026 1
12.635620274623955 5.2356419397892395 1
7.713385928188203 14.263804134842342 1
8.162617838650522 8.324825001790074 1
12.823323732973082 5.395840495758739 1
5.945984594634739 5.096994259367566 1
7.318378038456801 16.362317487500682 1
11.424370151677161 12.175731711683415 1
6.326790391074719 7.524300918930285 1
5.655972683119503 15.08875225713216 1
5.755264542185339 11.00026104289646 1
9.078722936195518 10.013279619235615 1
5.481087205339907 5.715446825441992 1
14.03257063333873 8.037195016945944 1
11.619912683839637 9.42577997556398 1
15.372236715677861 10.491679193484625 1
9.022070198360076 3.7860233363203766 1
12.147395564434053 9.326277604456694 1
15.009018817676461 8.66447611722803 1
9.700017966076002 12.99894468242773 1
7.350843564770959 6.278894441845162 1
13.630219280100215 14.97596194509104 1
8.742073396946523 14.666481766650723 1
12.074792148731543 15.418387671971765 1
10.262205020036308 11.016498903089309 1
5.070528073135174 11.508302076550398 1
4.4508260955648655 11.135553783965435 1
12.302105574246035 5.045101236709806 1
10.699354956955258 14.069709676911998 1
8.17411342994941 4.9703859201736105 1
8.773225465129322 11.677523405986074 1
13.634342822144532 4.03468729259999 1
11.88828429226553 15.378924946709647 1
14.519546347148804 8.038182008333356 1
11.309593974325695 9.026682590491086 1
13.429811181395863 10.953798983815874 1
4.4591501909592335 13.665629686928412 1
8.83022661226569 5.095715940198011 1
8.420971513833113 4.773746077008036 1
12.410616789114348 10.003579416345346 1
7.933974480703105 14.914526386278336 1
11.503237587764719 8.463503330950397 1
10.672016869528814 14.308873187126341 1
13.036725853490687 13.295547552973893 1
13.38449541924096 5.646602577347954 1
13.727405609316843 8.978327569212077 1
7.93929567434289 5.037283569572728 1
8.07501054285376 11.173845489535491 1
6.83609803652833 8.69436918334052 1
5.120623835189615 13.36519759574588 1
5.839960556617987 13.658031893035606 1
15.635343623594979 13.928610419652772 1
11.17998170037432 16.165432654081023 1
15.218916603335664 11.497317947690078 1
9.312628282279046 13.867226626382683 1
5.653517270076329 6.568890040626066 1
12.309604319125922 14.380996408315625 1
4.868587196978824 13.716722885324831 1
16.170235776495307 12.063520981457216 1
11.608280172335439 7.951668855885227 1
9.187538630984823 11.343768327568553 1
10.954762489320926 5.77570582343693 1
7.831596767220219 13.147003032846099 1
6.022089007412925 12.726558051278968 1
9.979636572001569 8.485431523534228 1
13.119846319406605 5.347520344783831 1
13.067960143728286 10.693981685453927 1
15.306229796395279 7.188191374743398 1
9.044147464355664 8.90668971346745 1
11.970929608597803 16.055591413242496 1
7.761561850011169 3.953862152987766 1
16.445960467300218 12.365831055854635 1
8.728099384339549 13.52075808799253 1
4.3367141819754185 13.749932992486034 1
12.663526650128931 5.105288979037703 1
12.312202616602956 5.796477131008039 1
12.351393702117564 7.654233488713218 1
15.185066473799804 6.512277798548336 1
10.299800855984758 7.403175162357556 1
11.459979018177915 10.041661058626136 1
9.747445980076497 11.141190681471869 1