4.373769876621775 2.178647384031449 -1
6.851542872619665 8.681911188382255 1
3.5382684672790043 11.5875214979174 1
10.838241378115232 3.728422864443164 1
7.486390742538989 0.7968386013346485 -1
2.921632878399183 19.170556653601 -1
13.93704236547157 1.5246600377831632 -1
9.01419964205286 6.4639430189989895 1
6.345064199927926 17.731131972619792 -1
3.4790103956160046 9.58922244218831 1
14.915011975900299 13.674815523321474 1
7.962433071636101 15.726941394445841 1
8.795611336307928 14.771797129020698 1
19.420940854668867 9.142943944977686 -1
1.8187980542780635 1.6407608173863708 -1
8.198848413833186 19.754722954865663 -1
5.966496852724077 7.960396235238132 1
12.759084829648078 10.295395628736696 1
10.629950576123218 9.639668555646834 1
11.68507628279752 6.522289381850244 1
3.828548876343507 14.966565246482853 -1
19.72008639036831 10.155606487877302 -1
16.895303675136386 12.764608030683597 -1
18.018811895175425 11.073326755577684 -1
1.0682423932764706 12.440803004347673 -1
4.498322611229206 0.5113562669705107 -1
8.514139940972695 10.036439260472784 1
18.800292590752314 19.34233408639801 -1
11.996956643890982 4.076238712870428 1
16.92962861611574 19.563324021754806 -1
11.55325659462968 9.308741591829053 1
3.8639443249624517 7.708057881880672 1
11.992520787209514 18.12606916695277 -1
0.25069974802219397 5.080755774360988 -1
16.477412459855564 17.01616410163507 -1
16.20535029771126 10.506150730488384 1
11.082356845214086 2.1113085114721653 -1
8.879748953814023 1.5743521396458893 -1
17.898233197973827 9.894917403324545 -1
2.3699918025610667 0.5491754870186982 -1
13.65029280288547 7.238847986278234 1
13.722182089308795 11.5972558471708 1
16.69202762106641 0.7848274180215742 -1
2.6516277934407873 4.396698975294065 -1
10.795459028001371 17.44820182126685 -1
12.775719630821214 13.277912960621503 1
19.92611394324744 17.28808926939988 -1
11.64269461711429 13.02617892368308 1
18.386524881750766 1.0085090620297876 -1
16.010619047524994 1.638523624201782 -1
13.474003538573244 13.184620055808862 1
19.393086598240828 9.598969294784695 -1
9.547715536306347 8.873140999440569 1
9.15452756348726 10.950352796285209 1
15.674420182164601 7.2107868659957575 1
11.21692289934823 5.648178465156528 1
13.54582186692766 1.0016242401183195 -1
7.861321262253376 10.070261877320078 1
16.87503066189824 12.058281883117276 -1
13.74406226420435 15.219093146841665 1
13.891629081776358 7.08546160929899 1
2.841232777252043 12.414931007079117 -1
0.664833647713341 4.432735957628092 -1
19.00959795530946 1.471003600770906 -1
2.6477130678768312 0.5245540900178525 -1
2.222646457674007 16.02185837906036 -1
8.75234417376084 7.671301723122738 1
14.794748194328823 10.483016142220409 1
6.459850039520354 15.265218238962444 1
7.859528127059847 1.703305700024882 -1
7.398894365816888 15.934112847753372 1
10.016938048379334 6.972159343225517 1
15.983137865897994 2.176788454862413 -1
12.420727424883268 17.10431021009584 -1
3.4964182738476812 2.3042242374580524 -1
8.017105419346146 14.525682031614659 1
19.349456785038594 1.5017780869869335 -1
10.887009728235334 10.184660886308352 1
10.562577250317684 14.746900418286417 1
0.7468233320762563 16.97017251742714 -1
6.90741445776059 19.695132174305428 -1
17.165517392596694 7.371033920490293 -1
7.108702905106005 10.429872748389348 1
16.633482449088167 2.2408568284625408 -1
14.686477750866745 12.740133472795414 1
2.572464246107433 7.986263040606152 -1
10.548916059988862 5.589133486684825 1
9.192109226036587 19.95373215937166 -1
13.329762996506853 18.92993341575398 -1
15.997133873460266 16.224338886945503 -1
2.2931300585355907 19.49621354781759 -1
0.552205988993375 17.151740695166836 -1
3.6557368076146135 16.437074958765383 -1
17.21672638949968 17.51758460159393 -1
2.5448172120078327 9.02175626068468 -1
2.4174083223301035 6.11972882880873 -1
11.838661549909915 4.663180630475696 1
7.585958970085651 2.9954371652511647 -1
4.9542112598626575 2.2861818544869905 -1
4.587512346991294 0.33978502093555685 -1
15.530992192076623 14.63899089733115 -1
12.15314391481365 14.48054125104169 1
19.97304393377751 2.9737471828141637 -1
9.197148608832418 4.775008696725842 1
3.5516054540045894 8.067393559511459 1
12.826332014153358 7.974247190082851 1
14.84487645095152 8.96833671426874 1
4.334075718343122 9.669604863305556 1
15.10825736554266 5.119212370303261 -1
8.825614623653024 11.389594363312494 1
15.77103355798101 12.627105563551277 1
0.9007384912648497 11.52292893464028 -1
8.189214252988235 2.006021867693202 -1
18.93961608710824 6.9670273841736385 -1
1.9489291188601099 3.8772398707617506 -1
10.291423204066763 13.229251833955031 1
10.148114435496034 6.965640425868013 1
12.458128490025981 10.741259123268366 1
9.319051336254478 12.881183448432441 1
6.3142679297940525 19.82307890607655 -1
6.691016913132861 17.04258236305425 -1
3.7298624782486955 13.316004228777595 -1
16.347395615339472 6.377333713566237 -1
15.219236026629634 12.830830432359148 1
17.4912350633142 12.388736525715746 -1
11.772845599934596 2.708136052849748 -1
2.1897590824426616 8.718303196223642 -1
5.587890489151683 13.168143881615787 1
19.831531195930058 15.552322193099927 -1
11.228369517745687 9.104366798320363 1
5.546404339891991 2.0051158071001707 -1
9.641850560294662 18.510180156867044 -1
8.265535474275975 7.253955629350695 1
11.798164070961281 17.345115391035833 -1
7.346349347063789 19.474238842174366 -1
15.417427229632121 3.847965667003179 -1
18.5473583320528 2.0759030474274787 -1
19.423279989056905 16.111011966941618 -1
17.575223524883768 1.6645473018116808 -1
15.404870174782241 18.366264017997175 -1
0.0016281858168420982 11.251304131243545 -1
11.622704977432193 17.18762040105912 -1
18.685252263381212 11.704671737271967 -1
1.7883728986926917 19.053284297636072 -1
8.681004742000425 0.6825106171768325 -1
3.3061250325866953 10.149739299585592 1
1.642893189914394 4.707000339268099 -1
2.2738996931092226 8.032633334024318 -1
12.074713819920646 1.1386842280832044 -1
0.9967118131496533 18.432548885452256 -1
5.654079347790715 2.1022770134889535 -1
8.825298212692882 0.8538408840121825 -1
11.763331833590309 15.500505704436968 1
14.774909883834034 9.771093997132077 1
10.054469750260191 19.145211032711916 -1
11.001326272496046 1.907755373281268 -1
1.6064431332558438 2.64341782273237 -1
17.543547236921093 4.517303006757471 -1
16.52561073871076 7.579749663435504 1
6.55908880311067 18.615754448020887 -1
3.30980018190707 12.07078689024641 -1
18.126237148534543 2.223991864409227 -1
5.370582343057895 3.8891147547346483 -1
12.045104246159951 1.0867858101222283 -1
2.8064701925693303 13.67108994716002 -1
7.502922241948758 14.42302299673107 1
11.033904130017604 8.528457140524726 1
16.808997247065548 13.123941141901334 -1
7.448735264112125 9.022119846989437 1
16.436041428131958 13.2306577939221 -1
5.033897475142741 17.172654987662938 -1
11.175360003218424 6.5714000702522135 1
0.8399248335824261 1.5927183692410285 -1
8.39826259800352 7.55356479439286 1
9.709507050996912 6.196540463974786 1
11.434099774830607 7.552283955420583 1
10.050508068663863 1.3035713240460756 -1
3.5680762404713784 16.411535125111946 -1
1.49258894099638 13.115903212828247 -1
5.749429168280676 17.872819953304237 -1
19.157615733218133 2.8167230493353235 -1
9.230450055988035 13.540118724494263 1
8.431210225303015 2.58476511511613 -1
5.323052931044714 1.9788161922826797 -1
16.245992886504936 13.766991847591981 -1
18.726008530201963 17.61832042761398 -1
0.46917060292555046 17.503463814942396 -1
0.30756200027556746 19.71937488706639 -1
2.822933040411606 12.149791107633865 -1
0.2263323456363997 2.9931281635498763 -1
18.697782192959043 13.799389853916878 -1
0.8360125383137285 14.702824715316014 -1
12.975025070523966 19.889378067584456 -1
10.31642413432669 12.677047283582866 1
7.560715112126381 0.2541141127665969 -1
12.706341880248802 11.421527383181921 1
18.90549269066394 9.06572112909846 -1
5.203067460578099 1.6781383443998066 -1
5.752436570880144 6.4523218406691925 1
0.18970752871740215 9.564247297037074 -1
8.042838724216574 0.1518388420807626 -1
7.696956190734117 10.958672945970898 1
0.7089384171739033 8.594565367024368 -1
15.081778056854322 16.026371767683443 -1
4.685443407144478 3.6052971203507567 -1
9.894948068775529 10.715738453152516 1
19.10839068436751 19.171415367629557 -1
9.51600918800713 0.6478780049035837 -1
16.91987797639016 7.125190491593543 -1
2.9313192689805145 0.9914613367284519 -1
15.433612916921124 11.076349142399831 1
0.14712928482269128 1.5960685064470082 -1
13.908041342080342 15.44780260067373 1
15.240465993716544 14.204921095804849 1
19.228294159282385 7.640004123751282 -1
7.463782172484783 3.9257359499418754 1
16.438413430863953 17.391856335075822 -1
12.540631716394044 4.438988260684173 1
6.476170234498218 10.556362847116507 1
6.766912586338714 4.825333881272941 1
6.638602675299321 15.69845679329095 1
7.15074638781558 13.908029216489204 1
9.135936126637658 1.85571380880859 -1
6.888882586450653 5.953359898170428 1
8.695857427511841 3.951784438174206 1
4.32816202482792 11.41749574857702 1
10.804657375592106 11.282825189250275 1
0.5098524988552611 19.637377004729156 -1
18.43442702526619 8.68366506857541 -1
3.055705730050289 5.5088560980751495 -1
19.075816219445926 18.68230167260662 -1
9.857793815084497 19.386556250608006 -1
0.14727460712212315 5.392700463359348 -1
7.273431533129031 14.100813751005791 1
18.854323205865594 5.4504924959922185 -1
15.678366447148694 12.445401347340608 1
6.646770801928019 12.37976720432875 1
17.751823012685076 14.61465521933955 -1
18.03760612275432 4.927672790051057 -1
8.690689618576421 4.142479472278007 1
3.407338916228313 10.454783882492455 1
5.949979581085037 18.047447191921787 -1
14.85353700628768 9.90893038056517 1
4.727649528175815 18.70689178250123 -1
4.040859142621295 17.477232470405212 -1
4.939559634925281 0.125926525913731 -1
19.049318397359862 16.477585813869897 -1
6.347487646766414 19.97984506751966 -1
18.775197393620576 11.149237233005342 -1
19.291486425600105 14.724183072514673 -1
17.78799191466236 7.993138807529716 -1
4.482142308384923 19.420436746808242 -1
5.618091736610793 16.73827304707865 -1
4.630317312106804 12.606646696994302 1
12.57339924896531 6.885924539839483 1
2.4619083769451233 2.7809464146679996 -1
5.5880553406449724 5.759017371505344 1
13.93923138569205 10.917894887806462 1
14.114703464623128 5.94720192172105 1
17.430024989320906 16.769868674529604 -1
10.937870611051235 6.335619804672474 1
9.048894565248762 16.62198894443534 1
1.3493747130242495 19.164592079152648 -1
18.563974069507758 17.646456785579122 -1
1.9844197442777611 0.46538753118755105 -1
11.111462582665654 5.173374089185105 1
9.815653226316039 2.45368709792942 -1
7.171102389910087 8.234369030192434 1
19.114958964444234 15.578916200262874 -1
4.38639198930213 4.903698780338306 -1
3.34123356966755 4.410689035085862 -1
8.457989995340114 9.392110266472677 1
19.851889866989943 16.593772115532172 -1
14.527760342928973 2.98960791643083 -1
0.15147062634248476 11.968584371700643 -1
14.471550317064516 8.48811468646424 1
15.268353046685663 7.683125671213267 1
17.17391737633514 14.05716986734957 -1
8.952725759176758 5.838777956877514 1
4.349960274804976 3.7415777645903425 -1
0.51679398288486 17.06811128577486 -1
1.8333497737770688 10.980293809380157 -1
0.941903302433591 9.25594278113471 -1
19.30370027960744 12.009899530132742 -1
1.3375415023282455 9.560743161483954 -1
8.934661417721637 5.1165905388547355 1
15.301382462387705 7.658227208593686 1
19.204357153433836 9.134498741061359 -1
13.035044605003419 3.650071642805992 -1
8.009546823834699 7.476527011527876 1
2.6380279111150418 17.432773946973356 -1
19.431385948580008 3.3059430736857376 -1
15.972181760795873 11.77048427069127 1
13.046267896504789 7.158651291115903 1
2.866298596467447 15.964941253439722 -1
6.810598779048465 0.1894305266651175 -1
8.77245830267485 8.820540868365445 1
0.043597590059858415 6.292864243625411 -1
3.199383768865862 18.956324366752145 -1
7.44253758378135 5.109166689787353 1
1.835435792713569 11.524783068298166 -1
6.522428587563844 6.701120932914648 1
14.17141406122269 9.803118294538109 1
4.034842620017775 3.0586648533482896 -1
11.032823105737604 11.472136385079601 1
10.480267745140265 18.20890439265956 -1
5.090535055280611 12.0728974310851 1
8.122691434550003 18.257330910908532 -1
5.756521950480127 11.100973519394836 1
11.31144965629124 5.245917957480637 1
11.186256652461362 6.134405358761894 1
0.19235287450549032 16.759736771155936 -1
4.029777123875746 0.9171677472144713 -1
0.3438127665727908 17.226023798928214 -1
13.215209316764405 11.806758725045427 1
15.8772807238772 15.000271643530304 -1
16.646516619839915 3.284506247808401 -1
16.827683766727098 13.835257772942992 -1
10.811766613722973 2.39142017252709 -1
2.7331474042049275 18.683136221643707 -1
4.454607229578631 15.478709081108164 -1
3.3181873611661694 16.668143087435737 -1
13.662216338808499 5.271152673105044 1
17.59145756309509 11.46013414814152 -1
18.456113522337073 2.8710871111069536 -1
2.739877545750906 18.977930192937784 -1
4.272891970666157 12.630110879622254 1
9.006147199571457 2.6263086512375766 -1
15.105293447910045 0.1386844824049649 -1
15.833142912743188 9.860469201032394 1
9.922661724864515 13.987382661554765 1
15.189514478272656 14.77597488948974 -1
13.819124026568211 6.691578258184217 1
1.0553146292822824 2.237372867145726 -1
1.202275743547856 7.320960766257205 -1
1.2383162180068497 17.95679222441859 -1
16.858584897640625 10.65920508686487 1
9.692936345024133 12.920989385810852 1
18.9322681388443 11.714512554137277 -1
18.147571313794966 2.870675889177021 -1
19.59117121946666 12.42969297200988 -1
17.734148348019094 5.924218076574485 -1
10.322851635312976 16.59656067511574 1
3.399386429403064 15.013941161976724 -1
1.7697009675891562 0.7840193853160948 -1
11.242512542464109 18.887535521406353 -1
6.711554970680993 7.845896656176452 1
14.354926467434652 2.0927683139408626 -1
16.82918073443959 0.8382980449803035 -1
10.076276320868352 3.779482419638718 1
15.601029122203231 6.037652656301842 1
16.62352687554566 19.603270974102895 -1
1.208706296928146 6.286569640159064 -1
3.7371044112023633 17.71853233038338 -1
11.481423559575223 7.988465555889772 1
17.9569276786035 6.696199983933626 -1
6.838335045972823 13.172988138519264 1
10.734478767051076 19.488840245478144 -1
10.31425686854024 0.421457925129034 -1
3.297634373667626 3.492512951658766 -1
12.851693421396481 11.832182506575808 1
19.53956512702974 2.934056665761795 -1
10.872299127206597 13.672748130966617 1
14.140041244709796 17.790168939054425 -1
17.218086933195632 7.121170419452778 -1
14.281383974300098 15.157474968019176 1
15.210081218973059 11.173257349983562 1
8.226828095387074 8.887888859488482 1
2.1819584032970862 10.82977105646594 -1
13.084456660374308 5.7300186999837415 1
9.90724811054866 8.07559365121406 1
13.180669016755758 9.238185976444617 1
15.702294041508258 17.876330958124157 -1
12.80444019363858 4.5216152189734515 1
15.708206534239999 19.072940751277827 -1
0.7779286981415146 4.295955464898187 -1
8.987127409420069 5.263672295348361 1
8.54625593740722 3.8100982856436727 1
18.561638172419855 15.378577871805055 -1
17.041967048457455 1.464633573286629 -1
9.965577638241365 5.033905910098899 1
17.85080382004435 9.810702925906458 -1
15.070654578922626 3.054344114746268 -1
17.565413498782846 19.31314026965873 -1
18.639883905181755 0.5843130935214735 -1
3.6596118502481945 8.091430790377084 1
12.709327952983337 19.971009877199652 -1
13.901831906946072 19.404274485738146 -1
5.351726972168464 8.599978780944372 1
15.162886427008523 0.5483962439324785 -1
4.734771923410948 5.032823931581718 -1
8.163311538310307 7.248707476025455 1
12.012853459646022 18.551779100492848 -1
5.03560632150309 10.638416448938752 1
15.324458788740705 4.531322222723944 -1
18.972038951471763 9.579505837404911 -1
14.340627145325445 16.459133432812195 -1
6.334213273752162 2.3062605412259396 -1
10.872425507827035 15.092337173200645 1
8.486207432739697 7.428895999557266 1
4.886861168059031 0.6016519384039509 -1
19.401539540154964 14.305551882004794 -1
19.137233069672412 12.83686660638532 -1
6.780006265678917 18.400238892757503 -1
10.666620352281482 13.560165851963703 1
16.17276771307436 3.9452152626280013 -1
11.205239610958252 5.958138765755885 1
13.214895647187925 8.253460106604571 1
18.24461014446117 7.538713525376492 -1
0.7848114147287122 15.211953277857152 -1
8.71709486032154 11.366709082823512 1
6.141713812178036 7.963494369263677 1
2.55665966239796 17.490704116774307 -1
15.784374709519799 18.455278848382854 -1
4.453761058519898 6.968302279060962 1
17.130855654222124 19.39699457147165 -1
11.278516439346387 7.9254470273054185 1
6.117232333355664 0.5437848076090601 -1
7.076202677456262 16.44447952883643 -1
12.763351456921828 7.148165240810124 1
3.04610728195855 14.163653341988047 -1
1.3911949487612496 3.1846892715964548 -1
18.380705181909406 0.010929345925483336 -1
1.3024922589396692 1.9209464074069826 -1
13.46773783453689 19.45843612759148 -1
6.180802476258722 3.63725084036288 -1
14.147765354203505 3.202428293579629 -1
12.537106755838527 15.408942945922314 1
14.054455437847261 13.55136119892477 1
1.8585745822759647 4.891763484182077 -1
9.240254318606159 4.095743295800645 1
3.860895984497119 6.8875495136613445 1
5.030410380320049 0.6715080912443128 -1
11.200662333975044 10.337264724913663 1
9.329184520429783 15.237318543251956 1
5.18554746943887 3.2629354241720665 -1
17.547518727716064 12.764935116212705 -1
10.679934005449176 1.3702535799968585 -1
14.530585256883688 5.143991588623753 1
13.593977216065042 16.011937680867227 -1
4.12317617427316 15.89589624756118 -1
15.472752397638821 13.061987317797943 1
15.196329200850627 5.818676543977004 1
7.573863669571487 11.360654197351874 1
18.621665744449707 13.830746684496216 -1
2.285422286590537 16.653653737008728 -1
12.846786862200174 8.12299506683094 1
5.462794224450023 0.09900608884279904 -1
2.717923606215744 3.013045533282681 -1
2.6741366814318868 13.646602270522836 -1
12.117774129146623 16.20760694259397 1
14.031864970493274 5.928154445788929 1
15.765707507262572 1.88729445342241 -1
5.813432747361784 18.637897534919514 -1
12.549264495107 7.387052052122385 1
17.25019156702675 2.1921289363338903 -1
11.378576898188804 12.591105605127975 1
13.17118528064034 6.28094769591976 1
7.793867764228035 11.116925223800893 1
2.1096879974566995 3.406258076838644 -1
8.386134875776708 14.700769817816903 1
11.436698365695694 8.46349189167212 1
18.678349786110672 4.9786913982653775 -1
3.780251719852026 10.781851926424464 1
2.8406184672139467 7.516412603184099 -1
19.946979259603058 19.10342518935656 -1
5.720145648969268 9.045918931570473 1
14.413772385928693 2.2769995961272804 -1
5.204813423194146 14.774454825312242 1
15.029741113889974 5.789505723208852 1
12.198755466868702 15.009166925898413 1
12.82043744992166 12.896704042379149 1
11.411062144127373 3.4396320259347313 1
6.911896427589362 19.423186559082723 -1
3.7491435010146112 13.590891111176886 -1
11.603235622202615 11.24674529572302 1
11.515607912677313 13.475403323071282 1
5.711185805593429 19.593912765522955 -1
6.272165338096443 7.766021387902131 1
9.953482226665107 5.25164810213507 1
19.29862227334501 15.025617501784442 -1
4.159117693817689 4.276236225907284 -1
3.0513021806299356 13.94332675970551 -1
5.778723132434099 6.780325362872198 1
18.777068350150415 2.3637668168123827 -1
7.86380680990222 8.074394440162711 1
9.806642087228148 2.1365990733059137 -1
17.010430557277957 5.469172803856324 -1
12.764995609545078 12.21926788417906 1
15.552623378033697 11.534513212974417 1
5.417576539108689 15.834822162402432 -1
0.8426040087152464 0.1226231046682913 -1
0.3934486438274587 16.513851193433336 -1
18.423590257049078 11.817204377155416 -1
17.54603091176001 13.788352153135001 -1
17.086033608771913 1.4493609919075845 -1
19.55977536120685 14.150728933559202 -1
3.309406629356595 17.619825866049407 -1
7.659978313256084 8.17305752013416 1
13.241848903977528 7.249017409679115 1
19.109663009006965 14.534597427284242 -1
19.360763274646004 6.234570014573107 -1
15.657170092362836 17.528303696322734 -1
6.649008876416329 6.934968550052001 1
13.084732347116423 11.386892833730858 1
9.21249816266897 9.063250357862936 1
15.198850330367556 8.433278718474263 1
17.857726860624368 2.817750294192225 -1
14.400776924342892 9.256049217040903 1
8.848342431241194 16.9025386683445 1
16.58414060805079 9.845999277012027 1
0.4825463017479481 19.88995153690304 -1
19.30038129840362 7.070423052628709 -1
16.19045649642452 15.686254452743231 -1
11.828346696539922 17.302569807814052 -1
12.876343269669324 15.343472472013403 1
14.492717377858902 6.172643210285525 1
10.329630889696924 13.417189068405843 1
16.25923452377768 14.80283490872952 -1
0.5340711962599398 9.155407781858482 -1
15.996448867489498 13.524483065865754 1
19.7571195915192 15.087282658985846 -1
13.723075905221524 10.405532181192873 1
2.0536195186694073 13.459910001416603 -1
15.544120025840042 6.633994463152931 1
19.4153081676104 11.968094535512183 -1
19.2696244712835 13.383169927728725 -1
14.52559418572805 12.182156193322706 1
0.15781085044560994 4.8302609274791415 -1
1.4572398805983888 2.375724070150811 -1
14.275326592524776 7.760121119438052 1
17.084985433863263 9.696451625098062 -1
1.1941738660910484 16.23279304483414 -1
4.50292661463777 3.5022895558072076 -1
11.922632731335836 2.4005605090786997 -1
7.240727894819637 14.258734842349714 1
2.739436102865531 16.736531662171505 -1
15.304432302585361 5.222790925901968 -1
0.47207362157992927 17.787249608833047 -1
5.112114638505978 18.276479253369807 -1
7.84114433276661 12.361415021168753 1
16.0081803296299 3.8464208559259383 -1
15.624347333770237 14.434615007753063 -1
18.87642458173946 5.7693719688761735 -1
8.746827763066749 0.956208512209189 -1
0.25417350533388783 6.336685671623938 -1
16.308706446189504 18.513619694912222 -1
2.684280086733193 9.646158129293534 -1
7.252385864940905 16.714166712315315 -1
12.254650656492803 10.02023714186195 1
12.62659132728601 1.2413335832259276 -1
1.6401138347259492 15.29145242843683 -1
16.384954647413835 18.311390929118353 -1
7.1515319974002844 4.993523860579203 1
16.503386089879765 12.052989217205905 1
7.35171676488781 13.633837981510313 1
15.519893244037599 8.54062626771353 1
19.989668451076618 4.089865121471243 -1
13.475789568771715 7.741624027862624 1
4.721643027642504 13.208360290398282 1
10.048598048464441 10.405514942444892 1
18.272719052873583 18.01677245003642 -1
6.437644705043821 18.49242718034562 -1
15.179628365038585 19.499666432788725 -1
2.5439058635988743 18.71639559752383 -1
8.746693638341254 13.150548924122365 1
14.672494001319745 0.39716290811340205 -1
7.49426621463694 17.56145072575784 -1
16.908375406571942 19.760878370136858 -1
1.6594070696389407 3.1391024463177275 -1
14.460720168431674 4.461606114886056 -1
16.475433377101943 8.047982601829187 1
2.2470597278903526 12.806997980888601 -1
6.701239865807431 11.101376979422497 1
7.324199383959682 1.3071910257948738 -1
1.4252781628052036 19.299659345077565 -1
8.736135780875626 14.036874705153492 1
2.6731459714819605 13.096693539169898 -1
5.843763365400774 10.849004661914986 1
5.693663411469867 1.9637749933395687 -1
10.226788874280002 14.323458512026036 1
9.870179172685127 6.670797152284176 1
16.786456465073634 17.753586386222374 -1
6.983141924619316 13.503431326069112 1
2.5867403599161998 9.27102573334001 -1
8.622285524665653 7.953174367701208 1
17.00453808543631 11.628149356168041 -1
12.167993247473248 13.183526307959186 1
4.992225602563671 16.624594342214685 -1
8.695302905083981 10.613056327181184 1
14.24159682609753 6.560935260986389 1
14.38457088842612 4.645883538737648 1
8.525347580274579 16.826037717930884 1
12.129791216508487 17.708792562879484 -1
12.021287447982449 7.687630659138678 1
2.9280169657767052 9.547337501777182 -1
11.217136754010788 0.23373716869244054 -1
9.520668851887788 4.906674106454885 1
10.224896879360168 4.76631100500356 1
3.4353645959513246 8.34950426321434 1
16.307195568311034 18.30473193354952 -1
1.2512599905611 4.324307180718526 -1
18.8178779665231 16.91394942523701 -1
8.653515932995756 0.7761824922470151 -1
18.331576126736415 16.436681795768905 -1
6.831515172896953 3.1559176819845036 -1
2.421431359718289 3.9381870258405693 -1
14.568399819086226 11.710645911691435 1
8.515259916258264 7.449367672414862 1
15.547306812967506 17.703413685697768 -1
17.84015551993338 8.453132354941308 -1
11.151076090237382 2.1440730266125674 -1
7.77714600632134 6.770532885933569 1
15.194301556820225 5.76685892718732 1
1.7495655834953716 8.139872762098598 -1
6.33112276601654 3.8464592335740866 -1
2.5281360067093805 17.092115532147368 -1
8.328680061332703 2.711870475228042 -1
16.100856745712733 2.5674035852636434 -1
10.624989987333784 16.88299592333007 1
12.420479484153296 2.5183450370644067 -1
10.428828735145403 13.039450523644058 1
19.315603905004732 5.189632187120199 -1
15.024155301646784 11.853801221514004 1
3.0050761088856404 12.147203674241743 -1
15.96561944347662 10.243559842920359 1
10.937555807962578 0.29653315421387827 -1
8.826576695939801 3.6897360533870494 1
11.413792449151819 18.787485084584148 -1
7.133366213762747 12.929307866868658 1
11.113960690523319 8.315930786692004 1
4.0820225095692075 7.460125581988892 1
7.5240318700346815 12.8438361949292 1
16.899359152592016 19.55967334944408 -1
5.393701635894166 5.886299214735788 1
15.46520698640707 16.447420712381774 -1
7.64673528248597 17.522555975444604 -1
1.8083117022516593 7.709235722104351 -1
4.8939691699199805 15.196340074492216 -1
14.797882121387808 17.17602276811447 -1
9.659292275120656 5.360433660683263 1
10.0408965373068 11.499355682740955 1
13.094485445801903 13.059139111305607 1
15.818052074498405 15.606249844013753 -1
8.293836338232918 17.02860739064705 -1
7.185601252607549 11.224518126697355 1
8.732346029134323 2.6357283613583826 -1
15.436936285092543 13.59169044628212 1
5.1873517926104284 12.47855859820121 1
11.746829743420292 19.570219623858524 -1
1.441560695623194 15.448144813802152 -1
6.417679550416997 6.29567181188585 1
16.28080934199727 5.674194262417071 -1
4.358337951419156 18.005400800056712 -1
2.796782903738233 10.010099426742826 -1
9.768608838345664 1.8516062009834666 -1
4.7770525422104875 15.477176191195216 -1
5.941302655733283 16.032556638029757 -1
12.299477936850042 3.603662445944813 1
16.93672682196501 9.997639134967887 1
8.887762116477933 8.082096859211065 1
6.753752939656062 14.575715306328117 1
7.367582205630536 14.558076794149748 1
13.045170232639212 4.86574892495123 1
14.058848298175251 9.271440945984889 1
11.661150941473164 12.187997348282842 1
17.891142904872098 12.18623563262563 -1
8.343741614796505 18.398644917493545 -1
8.17353410221915 11.65063392721638 1
4.8808154263445935 7.03789970617299 1
13.029338621719686 16.61837391970804 -1
1.8832986654613437 4.759550648238533 -1
17.044305522704388 9.423648784164822 -1
18.33387877827661 16.029707478336604 -1
7.695329944109415 19.14407349909539 -1
10.001143700891525 8.116261301028324 1
16.17175318005811 12.858220295616833 1
13.076723669196548 2.3391198340062247 -1
18.04836272399813 8.757051444853822 -1
4.848076975111761 13.149184390379089 1
13.971396964858636 17.32095650558627 -1
12.700143904791819 9.879036930335857 1
14.61223980826166 9.94898476770272 1
4.949192442009391 7.657889083524971 1
0.13246416278399176 18.94053051708261 -1
16.822206558096482 13.866194466311711 -1
6.696940011444346 14.172784808665167 1
0.48596981781838133 7.654416845624594 -1
15.350749813636837 15.452315722452848 -1
16.02683763545826 1.2780429053498055 -1
15.490488886399822 12.750236661928414 1
9.5948173292195 14.703575746854625 1
6.750926993482378 19.72212095353631 -1
1.2713026141346506 18.31643562850909 -1
19.477795677585377 1.1930293511088408 -1
15.687227988670141 5.013030169079968 -1
14.196566490934043 16.845787654642482 -1
17.63513866378742 0.8675531322811825 -1
13.786754710141535 11.126946603897052 1
18.857010471663397 5.008079102521563 -1
0.3944853992787878 17.958118876270564 -1
17.647917888182093 11.633609171340684 -1
0.9230510347540544 13.686925026958367 -1
17.596204829849054 7.401454873979134 -1
3.9768387041071707 7.92329247168148 1
15.381147502543355 16.64181888398476 -1
10.25696241646125 5.499703381954955 1
19.640407382433235 9.974348388603646 -1
11.818758543938637 1.0557482132060714 -1
0.3749780352735832 3.5311135536632965 -1
18.003912405669332 7.807811963981164 -1
3.7669764807396544 7.4754620167808605 1
18.913816893673296 7.01595741945882 -1
8.595726056626878 2.550647934706216 -1
16.369883852373047 2.4179436214989702 -1
11.147895567452776 12.443585510191014 1
14.515180193789766 14.506173597637648 1
18.21048956408565 0.2234672510337865 -1
8.109794288305174 3.3547942239257256 1
16.82000264455557 17.452962700422848 -1
9.873362488673358 0.2779961647865159 -1
7.845676159926816 3.273937346662319 -1
15.500008817343161 19.025710458092238 -1
9.339600511879283 3.947556039593594 1
9.092977759667512 4.888041206195388 1
15.919726499865845 0.8138813720519811 -1
16.129726124736234 5.320694470673411 -1
19.934207863775185 18.909864448935316 -1
14.710807337230513 6.941725217414698 1
7.936018650471026 4.503060252720063 1
17.024373716788055 7.061621557259638 -1
13.655158645735987 4.486065077242394 1
16.77909151789706 4.477204053445327 -1
19.361224857150553 10.320136459093629 -1
13.732028341328522 10.951212133397926 1
11.179200062681327 18.377258731519998 -1
14.088217531354289 5.381632838642096 1
6.130240992173494 14.657259621584874 1
17.684182977983056 8.38912201588595 -1
2.376601740193327 15.569326011666911 -1
8.401149994253219 9.57105990504736 1
10.174526588177118 0.9077595807620087 -1
11.197938607780353 15.002879582026758 1
11.945910240667484 15.621115232085298 1
10.296207849983205 18.46726599042699 -1
14.598659153619202 11.084733863843022 1
3.098217616621144 19.052440399805782 -1
3.7414996634031117 10.200305626364432 1
5.126023651006859 13.991234445602295 1
7.293099365719957 15.007896271917364 1
9.318313198077742 16.965396183176892 1
4.482319697282229 5.2253391365031465 -1
17.23524265290141 2.8186407690496718 -1
3.584882624863497 15.400136163668702 -1
0.3120367063754004 18.490238638633453 -1
7.918037855807296 19.921118533093882 -1
3.3604836632048274 16.30927769375967 -1
16.998367263158332 7.852320022521672 -1
7.978331140257748 10.452800262066098 1
4.443474829482805 18.751545811720327 -1
17.881066804277882 16.060317608373936 -1
1.501747295083562 15.157768828044631 -1
19.998149585065917 12.56985078219859 -1
14.801784031697043 15.249670723339765 -1
1.4715185254037633 8.151442952882004 -1
0.6607352723368143 18.555126923795324 -1
4.485585747835675 1.9413704608557558 -1
5.016061806494441 0.7112859245798231 -1
6.21217427413516 4.103566196750323 -1
3.0259314624092815 15.346426979815451 -1
6.773456506831199 6.401639983735574 1
8.98335493584094 8.162306326333875 1
16.515537453322178 16.688151375259274 -1
14.758819205575573 5.045314492959758 1
14.291933872802538 19.871086502437063 -1
3.582531934358544 17.727047055401602 -1
8.217009443224478 6.8847266650102945 1
0.8266662148549275 3.7419443414076103 -1
10.26999779640402 14.414552907242307 1
16.86156703655136 0.7698923604789654 -1
15.385953558476409 12.557585413662085 1
0.18099122288679936 6.557292706992528 -1
7.143602599555887 12.425005831417069 1
7.422473960758024 1.4969994125921549 -1
14.97015172917451 17.275159387019098 -1
16.97190908639616 8.800341782886179 -1
5.804683236556993 3.1388907609950567 -1
11.71666698053822 7.7564475216040645 1
9.514363899817852 13.956213548464904 1
14.699071072559844 19.959375953184335 -1
2.853396786051041 1.888660770259658 -1
4.072709558344276 9.116685803784385 1
5.575528844633688 2.1953150483222883 -1
6.989092069761265 5.806244837320422 1
5.970211191210999 9.637006577416878 1
6.181107140367401 15.839712923791655 1
8.201509222378826 13.137192249799085 1
7.876369811486043 3.0602308056615612 -1
12.691513873441432 15.658927466202968 1
13.766292872982739 2.2643359459903123 -1
3.0768789292857734 9.378519479212322 1
5.911297327690191 11.96712129370618 1
3.1095646104143304 6.393371694126881 -1
8.673272090234306 17.38904775500902 -1
14.483111876469659 10.880401359848673 1
2.5825462181263137 1.2596168372485073 -1
16.580912547231343 13.385087240044406 -1
6.458422997725557 13.275092577466905 1
11.61153751742942 1.5831233671094869 -1
8.149345911934551 2.7864622917228643 -1
5.289653456898817 3.258680194183945 -1
13.455435551960226 13.80906454696497 1
4.781223623826387 15.453153505203252 -1
3.1581647534737667 5.041026624961384 -1
3.6126331997585104 14.140684906159052 -1
15.00221122808918 19.95357138701907 -1
16.989647529458686 7.00070991306484 -1
8.016388045965757 19.29804408969852 -1
17.413680730743366 1.1438302124090027 -1
19.09878162690186 1.5386781527640525 -1
0.1425804121728902 13.152358228092496 -1
5.625354814086472 5.041773969295775 1
16.95222893317775 0.7784904323980935 -1
8.776016352467774 1.4266470998410963 -1
7.847800225225656 5.546377935327332 1
18.102802283405055 17.782304948214378 -1
4.224618419513735 5.8466735528608655 -1
8.43383171148245 14.936354433080766 1
14.852225334632648 7.7867442518296315 1
6.780275516826695 11.40222278303015 1
4.9216563747305475 19.577787426286978 -1
17.069849834816004 0.1487449390971829 -1
10.408716882019252 8.682163977189287 1
14.274024854472769 4.043946994587637 -1
1.1618342306736351 4.124570887200541 -1
0.6887400659329024 18.24907034392992 -1
9.270944445196214 16.211826724237753 1
2.2436796233111633 12.790409653652583 -1
6.509554835400733 14.657293873449175 1
9.286700904981704 16.527472912376293 1
1.9604926345358242 15.9971516991994 -1
13.250043729605013 2.193130824931877 -1
16.54253669762633 9.594649370240004 1
17.047126793750873 13.441689436328925 -1
12.160351502289483 12.79308781552988 1
16.52452048534886 3.9784504883784777 -1
11.221789371679044 14.012839265210308 1
9.841509418241227 19.655040182402498 -1
15.253288532461875 5.0031424995642215 -1
2.400261903047969 7.665795318696054 -1
17.92495258326039 7.550365664708664 -1
7.393811921883568 9.771749191772432 1
17.257062659172956 15.621403105986342 -1
4.8665697994293495 7.453693524143274 1
5.423501128890857 12.5716945720253 1
0.3166280826104928 8.616227303319924 -1
6.817956539968364 6.424719192632096 1
15.390577741353217 6.920698863166754 1
2.9438582892111964 1.6855600976054341 -1
12.774214895712264 1.2996751210402357 -1
15.774753615100746 4.760435403927268 -1
6.2560669068193375 9.50944916662387 1
5.135997423053251 15.215584802769648 -1
4.120065352868942 16.263226592773027 -1
15.738557634468766 6.3485435170319064 1
8.45192706872143 17.050379696188728 -1
0.5858063701163818 1.2859319061478058 -1
7.302329543854982 8.814348007444668 1
13.670095603697575 14.045313793249639 1
17.480908388743238 15.597168382920666 -1
7.453892813847498 19.130252241834636 -1
6.588198142178497 3.032274146430678 -1
18.690756855410246 4.811976494697356 -1
0.5337327795549851 18.090070835997956 -1
15.368654009644345 17.788357565722436 -1
1.9566982452271398 10.105907274460233 -1
4.333492641270884 10.338439188958315 1
3.8129565984715375 0.5773765031516809 -1
12.049133608406088 2.922696250264787 -1
12.943537732354045 13.980528341594557 1
16.853664635982316 7.160372810152094 -1
2.898622190742761 15.510720673414548 -1
3.185728795198781 14.834689136956003 -1
7.0318448198878585 12.99602867118449 1
8.762696433224164 8.827140114777121 1
17.28047038190495 16.30003861187033 -1
6.433219792654055 16.666004340734595 -1
4.831909672128862 2.3154589799314396 -1
3.539727886874955 7.534394429092989 1
18.324193991302703 9.5441670296011 -1
10.080483431276598 15.385514435951164 1
12.14317691599196 11.85165238605299 1
10.362489953041907 3.709305273901702 1
13.679310536366831 8.121866120912628 1
15.05365890206284 4.76991319007756 -1
4.447766183386639 12.042802748677868 1
6.360305290756778 16.798906525490107 -1
16.43167062297464 2.0267621622477927 -1
14.57525486093936 9.478221847216929 1
11.822472134439927 18.7292666393409 -1
2.0133522626667655 18.001058505145757 -1
10.60707555653625 0.13040782429620812 -1
16.138869770628133 0.3051273659883291 -1
7.564355907448908 19.640140606673274 -1
4.563598234918256 9.830810719317364 1
13.910663949939119 13.254486019457655 1
11.317457596965134 3.262314664680781 1
12.514918507076544 7.0724186551414 1
1.3131450294574831 13.49903737806178 -1
0.6479536925618201 0.5381180686555886 -1
9.384694189260385 8.648001466402258 1
0.20504893872598684 1.115157376544973 -1
15.587013200735678 17.20045265666236 -1
11.215163439136289 12.614590409999533 1
2.455057974189394 8.754052678204335 -1
8.440148898895616 15.564636156351433 1
11.315771835412987 2.334272249052183 -1
12.890540008757874 5.813467008709045 1
12.099469647502485 17.10996918499436 -1
4.543022042086331 13.54057126375696 1
17.785664350693416 17.8160109377782 -1
8.060624296431143 15.948876704115985 1
6.786578435788517 14.775786867638692 1
12.892748389661605 6.703717250787273 1
3.9456063258848095 5.640591600157827 -1
13.65834268231823 4.966942229589497 1
6.067570344210463 10.063922611321942 1
10.987566856096747 5.949619322421153 1
1.3720024597744929 10.899581626325629 -1
11.398187939894566 10.741802717752824 1
5.007038452782677 3.9705447246744785 -1
0.9833210860574915 6.571075448740391 -1
11.50832026060346 9.314148023415461 1
4.328111738865306 15.849568944745918 -1
5.779679975838281 19.415007716964535 -1
13.669644851530137 16.56871391716772 -1
6.702069882655984 7.27807836353027 1
11.229916268435268 14.554630561479314 1
12.023339401473569 2.1180879598668656 -1
9.064337757931217 10.494459334711635 1
14.915671071523098 19.732359465740245 -1
12.476834411004722 5.828295094708276 1
15.805165053474763 6.203972018271382 1
2.022853862225875 13.342977023785936 -1
9.37491995877878 0.6346694623119942 -1
9.020967387397052 16.724559472636955 1
2.7107113144363315 1.1642202866429785 -1
11.378934877909481 7.545468375713931 1
15.02507756880364 16.731686324141478 -1
17.916630012967033 14.263793311689287 -1
12.131193173717064 3.8170392857080193 1
2.2492807294910433 18.057892173307934 -1
3.3254114403016932 0.8231056508570478 -1
6.137805451277751 16.520698983792617 -1
17.63763031005686 13.822119771943795 -1
18.466255885524077 9.605627484335841 -1
14.726595079744623 12.852318159054628 1
15.745505968516136 3.50164463955728 -1
8.064551502969357 10.187817959464915 1
8.924186252062178 11.115555519989297 1
19.243683160330875 9.393212180341497 -1
3.506664235315191 2.229576210308295 -1
14.83083400181459 7.4975288587936255 1
13.685175011880325 12.368122894810096 1
1.5353472014692016 2.18516550914281 -1
9.545013803273257 4.517534985403399 1
11.88663713457808 6.38983216071604 1
10.988811409358291 4.982416009602946 1
4.872354094359366 10.129225943021307 1
12.553808194374504 15.451280214100704 1
8.384966641251859 8.69535097800239 1
17.78253039596812 18.430953877598505 -1
17.510092645726733 14.433481782513041 -1
13.788156557455789 3.9815634991000404 -1
14.452491969894227 11.90088028153443 1
12.296715794320797 11.417852519556455 1
19.523547500116255 15.656057041526854 -1
17.76546935874891 6.3043577081415165 -1
0.3231064855806065 11.121999946562857 -1
10.870907182564206 2.582639517599641 -1
16.287284434532282 4.344193827695104 -1
6.918715236790227 10.55283674118848 1
9.547654192051105 18.76662306020961 -1
14.963714265112092 8.506699880417369 1
2.349292346381262 8.947437933044988 -1
8.701320434723863 11.878147337170951 1
14.49618962100757 2.3367323400257556 -1
1.1729077652532238 8.111285815643441 -1
13.366499910259712 7.726783609898233 1
17.848478592557196 7.065847821161602 -1
16.131579594091242 17.631907005363313 -1
8.351816834919784 16.37324841588943 1
7.959168352088087 1.7472054618519683 -1
10.547063730758952 0.3822161810366942 -1
5.631761498078891 13.393749348369312 1
17.817405642960058 15.724652154760644 -1
3.40542847855807 4.874326724690228 -1
4.754600542246559 6.537308780132431 1
2.7072308060801054 9.317643948440022 -1
2.2387428500465356 5.279644952829521 -1
11.308132313552315 18.542617932356475 -1
14.739327667720667 13.74032808595105 1
13.849481021989265 4.712091177326698 1
17.717456814923874 14.921762239725492 -1
7.604181817223381 0.1353486246588731 -1
13.249170633825006 11.297056492418541 1
2.3493712365609154 14.745013506769789 -1
4.5030407542374356 14.542028230561604 -1
1.7866697942410048 6.7123780665958455 -1
13.055874228500503 10.762900624131866 1
14.556464034278612 10.502684474374089 1
4.579729998100676 19.927617997753323 -1
14.059086461731196 6.161554195303973 1
10.905796833732014 3.2649973025015666 1
15.416113107062266 8.00420439188581 1
12.716426579947367 16.752956435354008 -1
14.244537045427617 13.322349275929255 1
15.951356170885989 4.438442839299761 -1
5.063039347842846 9.552905091818918 1
4.014610910358323 17.91768443017925 -1
0.6468777396990855 7.287038359481802 -1
4.91815470535669 5.125094118876213 -1
12.261213201791781 9.872238129515816 1
9.30961150009769 2.8104939436186616 -1
5.63398442491965 2.7978159403944125 -1
6.6253203694872775 0.8870078910678347 -1
19.375149298315083 0.9305299256104105 -1
13.567782577968382 18.745981553551616 -1
2.4848579919534775 1.438945782841703 -1
5.646546235341927 7.5130270928644265 1
12.391933048668285 7.752802801186629 1
2.308854966220635 17.759786907012938 -1
6.83217575945654 1.6505414424424192 -1
0.4766349219215349 5.082665226084915 -1
15.947952689604584 17.57507262662734 -1
0.5972174322612545 3.841980736146293 -1
15.580242996298484 17.83395542940819 -1
0.9726791245153277 8.600949250137234 -1
7.45871758374109 4.087249490124146 1
5.457389534205788 1.9219042096318972 -1
8.924001356381366 15.90391024533176 1
6.59181548539755 10.488558139229733 1
3.682708180860874 13.777184876699728 -1
9.55176881475473 7.168418116289925 1
13.513920450512858 13.653400458633406 1
12.06501132762554 0.5538377723197607 -1
7.731288826142906 19.74141704909194 -1
10.626654539019498 16.142617647270185 1
12.189145686602526 10.710398148863378 1
0.20967120084834923 5.524185155592551 -1
15.39176567130568 0.9830868176158591 -1
7.4557655587859255 17.922707857829497 -1
13.694675356452224 8.936133506941806 1
11.550478402216928 4.3044573119677505 1
3.3661026277597905 9.420597683380764 1
11.555041859878692 0.09721563551075452 -1
12.541192433807513 17.803342062608877 -1
11.452801009768752 2.7549444755408192 -1
13.490180089638457 18.228847871760216 -1
7.373391587163773 16.618623894528657 -1
16.469274526788396 13.589543451304547 -1
9.9221071128647 5.90692819028408 1
4.7254183905246165 13.753758937412208 1
3.1260466967300626 0.016514584484896844 -1
7.049380919157673 15.77924604164071 1
4.054485991457191 14.0380135488303 -1
12.173287765669478 2.1782492429427736 -1
18.349456777259537 1.8610999873398293 -1
2.0490072599866305 16.6235249188877 -1
13.567457828835263 1.2106043674054945 -1
2.0104049229951393 11.42640115589451 -1
10.249414315639612 9.812014086968293 1
2.0474307111810486 15.399259480609507 -1
3.1217775857818464 15.199518749976216 -1
19.040577460589443 14.801649387694582 -1
0.9282550059208461 19.170338961785617 -1
12.325797140587259 16.37339677054126 1
3.969013904746863 3.401204613369988 -1
14.967021882536837 7.906620117926351 1
18.40533482840318 16.489779478682017 -1
17.91915288013634 7.884325951106572 -1
13.537471008032458 14.154764817329257 1
8.918734200694935 15.394196055888795 1
12.75142348811709 15.964564472588709 1
18.467158852308078 7.321321308725333 -1
12.948033647387652 5.716936156975221 1
3.03527087210834 11.440233586436268 -1
15.287485031612293 16.5407341569732 -1
11.0512173789466 8.527652040597122 1
19.32576718368308 9.424232536827144 -1
13.579835804374426 16.952627467290398 -1
9.188813290440114 10.441681860619719 1
2.9256816269242725 6.019589652418842 -1
15.630813378355706 14.97304716458588 -1
15.684876129916677 19.435036101960126 -1
8.372618777620355 3.4318670660153683 1
4.079142915739647 6.657793014316987 1
1.4286521839134791 13.531322812319889 -1
18.167316971516737 8.207165413433621 -1
0.29469919160385105 9.390896822186168 -1
0.595769840578908 6.031599377017751 -1
12.815176946303751 3.806438844096416 1
5.424038900434349 12.31239061782813 1
1.6097004876981758 16.17145398110681 -1
3.005411329149561 14.02989040728765 -1
12.837369747908575 1.5854672908276246 -1
3.407916900795782 13.70743221683696 -1
9.422871996961584 0.8641280597594148 -1
11.027332193077902 6.396836025753512 1
11.101195475497638 0.14314007010798102 -1
17.937474149928498 12.188356546622357 -1
2.009231448005977 5.794224670204446 -1
14.492722398893953 5.902760944911378 1
15.26054997304212 14.870567842644691 -1
5.051155923787345 1.4175792151922217 -1
7.149657217657845 19.56486785306024 -1
11.186775779653328 1.9273017872773424 -1
16.971772141267998 19.563604659966032 -1
12.418261437650877 6.809744350505717 1
0.05108637048434339 16.034518803410187 -1
11.592894219566997 6.425932281055133 1
19.781568933716702 16.40202623115295 -1
11.96576670173606 17.391769677509302 -1
12.47611855735508 0.7751109471559992 -1
17.666049248780617 15.416963897038434 -1
11.99176128925896 4.280266725351572 1
1.5618120377272704 18.48473613979888 -1
2.450267528496839 18.07617067663155 -1
0.204557793183604 19.03120880837068 -1
16.320566985535848 15.338284390921572 -1
2.082224485916262 11.362099527933488 -1
0.08644885494552002 4.2012961032784935 -1
11.012086151652658 9.771298214331392 1
10.536882777081809 15.018942379642489 1
17.838739676441087 3.5593783841627014 -1
11.335420653354822 13.529862591177599 1
19.46073894218237 9.081463012648223 -1
11.478075601009383 6.453010841918834 1
19.00597902504783 0.06415094644875108 -1
5.249337972643717 10.03016780643063 1
6.428151336132832 9.399232712224627 1
15.596143148523897 7.592537346788204 1
11.460431533361996 7.453341006706102 1
17.696487607236588 19.579763307666777 -1
12.562629598149735 17.6606995629748 -1
3.23041540122621 6.9145639018243905 -1
10.270098195660387 19.572028677208287 -1
12.652794877856799 4.941081398903682 1
5.998522653920437 0.7890817366640746 -1
4.4650326440510995 9.949360061431191 1
17.60555204489878 6.028890058000497 -1
1.0794867608862413 5.312643097101793 -1
10.08520288951474 19.047425875271912 -1
11.932245306734865 0.8735033366670208 -1
9.982193888793622 18.583820115953568 -1
1.4516430157203053 13.804189269107418 -1
19.1016670390924 2.976384590204846 -1
6.01098645670139 2.2239629699515007 -1
2.8028129872651397 14.65564280834151 -1
17.504150241397834 16.308208420916664 -1
6.513909649458243 2.7901532401728657 -1
18.935677705418538 4.6160197124013 -1
12.33500156638743 16.26441613434068 1
2.871535780317389 7.8362862810796186 -1
9.23298414728954 19.45131185309772 -1
15.962661357754053 3.922007120501021 -1
10.90155811214579 19.912711119769707 -1
11.931643961228586 18.727990463215342 -1
7.803816305488544 10.28686333577415 1
2.7012279308801124 18.092574446583157 -1
12.521174854693752 15.739784711389058 1
3.870275446345812 15.646116807561176 -1
15.723242546670345 16.491528371239777 -1
3.2599438400144853 11.049849274224792 1
16.681183364994176 4.164544159021029 -1
16.62284355811041 6.6140853719676995 -1
18.11850230368318 19.735902569440228 -1
15.24341176369379 9.734077183026816 1
3.754406409326849 10.430091570138075 1
3.814479897151355 5.252640143764347 -1
10.189956046126316 3.667078370392265 1
18.775091835968404 18.208290721183765 -1
18.332954634446676 6.006160547807604 -1
14.737270033041609 14.756995977655249 1
18.38095306905863 14.305084047580618 -1
1.8648918798467262 2.01684081715803 -1
19.202849491048948 10.356882877338645 -1
9.380242330806283 13.591417631630591 1
6.900263041003207 13.039107336769684 1
17.2521050865317 2.2508161019435424 -1
5.933132150925145 12.878364092503247 1
2.3512286278615124 4.238606751178677 -1
8.824148358264342 15.171138894601839 1
7.974458099570785 14.036115278250117 1
11.872452301429924 11.201445274494237 1
0.31822067029411816 6.551821792460977 -1
14.157433840312489 14.427693448590048 1
13.219610230583905 14.494779480405679 1
13.662026738324354 18.088090221527093 -1
8.993158113948187 3.4720659505918317 1
16.395027944820903 16.386178999316613 -1
19.731739471427595 15.541262381562397 -1
15.201887843057335 1.674857609952991 -1
0.07616683213740982 18.79198386744215 -1
19.48536436336009 11.710462717775517 -1
0.10400237546004831 6.627388138571337 -1
0.16890437889948817 8.126743465844825 -1
1.096023151808887 0.5165339965298155 -1
17.906753960820424 15.20157758501901 -1
1.984131025956959 12.008027452100267 -1
5.964990417676379 9.202729242881789 1
12.607266070524982 1.8444833511698033 -1
8.356106001107847 0.3156740784391987 -1
19.00480143822366 14.616462791926876 -1
19.458849081108752 5.891451682044158 -1
4.6849180198772045 2.7716367913492235 -1
15.385842223050998 0.5801290169007278 -1
9.425262305017135 19.63158976653423 -1
6.060482394885489 8.559925381120907 1
14.839709255278555 2.5407793842815396 -1
6.72724226012952 7.8129141773568005 1
8.312713769661551 17.56886924027992 -1
12.62503567700777 0.6083506813908257 -1
8.39180268335624 5.937916642863406 1
16.40304672646145 5.8093112441884625 -1
0.28765159175225596 6.885254742965361 -1
3.414456784142348 5.501438877855971 -1
7.419308853302482 7.591264513150604 1
7.744507528848075 9.919669957537607 1
7.470769277057778 14.695275975832224 1
4.363432159950895 0.4272540277810921 -1
15.118982841301836 10.998596302612677 1
2.6139351025808666 10.556057550919691 -1
4.596339064983768 8.791804046303902 1
6.833546951071908 7.4059843914627095 1
15.131870582919781 14.392472015080422 1
10.34424149496893 15.174427720502681 1
8.192761142942643 0.29598427092035307 -1
12.938030348520444 13.408011137452828 1
15.127600029912461 14.806578015958651 -1
17.115928950135892 12.679082767859736 -1
0.9121358770058996 1.3366957348304176 -1
9.71249522269057 14.231382979534395 1
5.405296630098581 8.933219000815546 1
9.904728910603335 11.780589314441311 1
19.946312284136305 14.479020853767341 -1
17.643409868355015 15.85852551004196 -1
10.803481251285604 9.990389002428044 1
0.7644440038836531 1.4045991079305198 -1
11.912394156341383 5.559406525021315 1
15.077644414478389 16.90821693490822 -1
11.016559816864078 19.168063907079805 -1
14.547469399813044 5.075233863548492 1
6.0704000126509445 19.122218616444947 -1
1.8716170055369274 14.075519648390483 -1
2.043274008496141 3.8994821891764775 -1
2.927239165953457 18.895455367227644 -1
14.931454934279548 10.612006404313686 1
0.2752720050033708 14.452091536823827 -1
0.010690014102685552 11.688180859212876 -1
6.287211206508063 16.313170976939812 -1
4.48272821306984 14.14652167954775 1
14.620097030587837 11.966475108782245 1
7.005498510993444 10.92605402108535 1
13.063464853248645 8.423421428249586 1
15.333433406528796 16.968868257671225 -1
5.594007592419096 10.200810907643934 1
9.004407970632464 9.546735361414596 1
15.203672050565828 14.824806299509259 -1
6.592223252801494 2.0035901212186813 -1
1.8420771645261058 11.241085036493452 -1
15.689864285097705 0.6384102884473397 -1
15.193620018727032 17.734127996493044 -1
17.993559453291862 5.988833230289896 -1
8.538635064906156 13.07200861939342 1
1.738582529607775 16.52040744363986 -1
9.800189402157326 14.14924765653784 1
4.975033694412407 0.9465732158320805 -1
8.251487589807727 12.067381656811056 1
10.728328564340773 16.644159856555834 1
5.299712218447765 19.65294006872481 -1
0.9635741696366451 18.575693322328753 -1
6.482356603802479 13.994880637176166 1
3.326701048719578 9.523731568769758 1
7.5868804326498385 18.94245693808856 -1
5.012566939044357 12.068557992195784 1
15.638993898031533 13.696410205835983 1
4.250055533546286 3.8651915707825713 -1
13.966720435254118 4.651605504960054 1
14.605302935394544 6.787997595575361 1
0.14100301862063347 2.435567344702727 -1
6.242510819232232 18.829899279994475 -1
9.983042998637002 10.028909347031973 1
12.230839886716007 11.63903852784722 1
3.41906500257972 14.519714282824392 -1
4.844274268232123 2.2786127064548922 -1
1.3115883916153925 12.177208690541184 -1
15.02631099136086 15.050260727025593 -1
15.625067075244619 9.345464407027555 1
9.56117168552665 19.389257757072563 -1
11.320165350434602 17.365084596978395 -1
16.1974400823549 11.594097070281684 1
16.25535211365444 11.668747864459732 1
8.704764112470638 16.201225772754363 1
6.522741553239957 14.297596104953172 1
10.402885336950638 19.82470054470046 -1
6.1786027804334225 10.307172582451742 1
18.01877010534842 4.329280454426508 -1
18.53315508605261 18.7103027263543 -1
12.43413995975071 10.296035922580648 1
18.425349136783453 6.911115006765554 -1
10.233911880650668 13.317938918502211 1
10.980855658028476 14.008034053469515 1
8.6331439045688 18.228637098191285 -1
17.797020824290517 9.41459075700676 -1
16.403857179806856 19.200977441544037 -1
5.12629192878099 3.753952203118245 -1
17.531928271584313 5.812080990789353 -1
10.027936474137412 6.671129038873184 1
0.48261948974332336 15.423885310093144 -1
6.916316444823889 1.446055658159675 -1
0.4775713870772935 3.947246238577118 -1
0.773540916208646 12.155306160533952 -1
15.913047719689395 1.3353566835735098 -1
4.585743990113132 0.6450985952395949 -1
13.783959210124767 0.5006132862628254 -1
10.455131056675626 18.980690829966626 -1
0.16679089812569492 10.467459725412171 -1
7.106535100589446 10.691208682508648 1
10.305031022646602 6.412461610457932 1
16.620600866280498 16.00479253460326 -1
5.578860198562539 9.250598349307444 1
8.830012291346954 16.705840252723785 1
14.579535153388381 0.005029482212739467 -1
8.373294227139102 2.5977131721820568 -1
4.177103223342327 17.28795166487409 -1
5.8528167427655475 5.346964335783799 1
14.699052386397586 4.5977508816987545 -1
6.0609860646579765 8.664069750194127 1
9.65720820641472 6.368629663689549 1
8.58270879029877 1.189868980053581 -1
15.889669636533606 3.2583233163198377 -1
15.63498172192813 6.1159796569334635 1
11.443852154294698 5.134412329776302 1
13.026423746697535 0.89462120201526 -1
7.8665692079656635 4.3875130454584665 1
15.4611095127383 2.686358160064286 -1
19.022006098635607 17.326364476755558 -1
2.457849332274298 0.261061522365591 -1
18.06548236760252 13.975661820912364 -1
12.088104523011987 4.487732932074047 1
7.216277408757536 12.568383394699916 1
7.078197741416423 1.1286908988541988 -1
17.710191207177854 13.713138643955777 -1
7.9652946827555375 14.083335773705432 1
14.631392513239883 2.240663802811922 -1
11.935038265882689 2.3077212295421368 -1
8.76835936149009 8.603410342415662 1
19.373941213187056 19.61435834839937 -1
8.987188160393199 5.351364422501284 1
10.866394176193815 7.120806363532863 1
13.704557252398207 13.398804312475455 1
3.0338555435141368 8.338214757411658 -1
19.003564051459946 13.348639068813808 -1
18.781726959020418 9.350844109314911 -1
5.1188641864892315 9.8342465787968 1
18.563665392524708 0.8480272670317945 -1
11.88362398138417 1.867532043403124 -1
13.2933280983883 13.914160275470085 1
11.364203433209752 11.099927344780722 1
9.516992492093488 10.65276690664479 1
15.008185438805157 0.4123341524250579 -1
19.302402300509918 0.015714827163861855 -1
2.480491883845828 9.653515083052582 -1
3.45871834363775 18.483958089692873 -1
12.304863548838457 9.013623565038591 1
5.544139544054705 7.477340050189179 1
2.5955145478265895 18.87491189949406 -1
13.34527320353068 8.769041719720772 1
8.088806238656367 16.020380170696292 1
12.181371893079682 2.374752861956866 -1
10.77100326401885 7.347019031658595 1
5.2298242096707925 12.028609835246112 1
1.9628449815459525 3.7953949931730557 -1
12.211011650992576 11.26833216564879 1
19.217970480024256 15.110983542244599 -1
8.041566502124208 10.658842683946524 1
0.9230527380021392 2.7236745996354084 -1
0.9387798765557864 15.409754862717666 -1
14.105547959366941 11.135182099332358 1
8.109868254978835 16.74961098899354 -1
9.579170750927497 8.092546597309148 1
13.441304893917232 3.944119301066671 1
8.045781866793542 18.888506916650417 -1
0.9616290687774165 9.189002404149164 -1
14.85799258418804 0.9650269689757995 -1
18.011661968115366 17.72319740823615 -1
3.2635692465299426 9.450844886070096 1
6.9730747126087085 5.796880634556105 1
16.161268945311985 6.697192489030812 1
9.15681544247549 12.506358685189165 1
8.686724411057545 8.715548293593823 1
15.319074272519943 7.946969831649713 1
4.075085929069127 12.159501342469149 1
8.664988752302653 11.452273647383349 1
2.236594129427263 11.763080381329118 -1
6.651499108077075 4.300445612140229 1
0.9451373290774412 11.261978959145583 -1
14.705099795111604 7.594962551624493 1
7.134177728468063 9.178002044841067 1
5.873706810014836 1.877884092302482 -1
5.952082010277568 17.71435878347211 -1
0.9793735487763722 13.347885509389528 -1
3.2304829209538743 9.665840523926166 1
8.123580036519215 13.611673988155736 1
18.032057235709807 9.311507633562284 -1
3.9090232321322493 2.6889318727210565 -1
16.728176286068454 5.451861157211284 -1
5.243388381816754 12.120837755049624 1
16.02789134146957 18.6417968850567 -1
9.441212379861302 12.254302995816486 1
12.856239219726877 2.3743858872909307 -1
4.926971953550982 15.782642654122059 -1
0.8180577932278643 11.558617583464263 -1
2.1576066653120107 16.16211025434016 -1
15.182204210289377 18.721211094260248 -1
12.736899076460888 0.32744269534266346 -1
17.636360038728434 18.484704077445436 -1
1.803173856450293 19.65232514512443 -1
14.846883699308933 8.447804741581983 1
2.0692359190292064 3.900434382418878 -1
10.920640489268736 19.543748519365064 -1
9.330887722501487 14.775411596052354 1
16.97118910789786 15.957595880705746 -1
13.946952526046436 3.931529864374783 -1
19.438586931686242 10.576863014818027 -1
4.7131146589859485 11.864621879885311 1
3.384871770457285 3.346317842331108 -1
6.801114891144224 18.32871009022221 -1
0.8535913309658771 2.9935926969038373 -1
12.116150462537858 14.300812302615153 1
19.27705108793566 14.850014088964677 -1
10.287823025772553 1.44810326700898 -1
14.1446778742221 1.0371456097837894 -1
9.906570905626255 1.960556852064388 -1
10.45294158632316 9.28482853910573 1
4.317328566827463 19.018495827038386 -1
0.07067513595303776 3.492412888369898 -1
17.968024899284632 14.46393509017781 -1
4.156280490538824 11.226364901348822 1
5.299673763608115 14.610676890137725 1
6.575166313046569 1.0634987135761298 -1
10.149016371625004 6.505400355074638 1
3.6825212082758174 9.12389200128918 1
10.808412397545995 11.899641992212633 1
14.963689853633163 2.466453931090269 -1
8.095756817888056 19.998377422720907 -1
9.90441528798313 11.851107399213827 1
17.958427970278983 9.881909284589607 -1
11.517190010153207 3.956740885398291 1
7.027371936419153 11.371484187127825 1
10.848805289188848 0.7134593700133585 -1
7.210051186078683 7.041100897521435 1
10.718129723344823 8.13382764595507 1
1.0885172466496607 5.913519615207409 -1
13.181086521717038 17.81901028284681 -1
12.525730212964648 8.962715950929885 1
1.1095121259437368 5.411068082565064 -1
8.062335428090995 14.848503164385132 1
3.686421463223699 2.2510647265981287 -1
13.068359521895449 13.14009514310201 1
13.859005403595985 5.622949556702204 1
16.985300089006525 16.02992235802288 -1
14.300796294859861 10.854740504410007 1
15.396687068098414 3.056851362403985 -1
16.3689717190899 16.80164066265544 -1
15.124588872100125 5.99961547991311 1
4.433829675833401 13.522159744799737 1
11.40054014033405 5.371879915291917 1
5.728220538236175 18.128535132627505 -1
16.94229929580139 4.0792076921090565 -1
12.090388808868715 6.91343347514763 1
4.1564196078134135 19.369937668118354 -1
8.832733394101236 1.2741811139789117 -1
0.10147249920334334 10.944299886092143 -1
1.440175843316418 19.84853056210294 -1
2.323220322688131 6.194200352681931 -1
7.9714150781805255 10.857195654690459 1
18.722999502559492 19.945900376275723 -1
19.462769551859168 13.716421086360084 -1
3.591061495295136 11.152223509142914 1
0.6241137120038887 10.479217499885177 -1
6.919675180716469 2.8000283948919003 -1
13.7178672794103 14.144111484691093 1
7.004771429814292 4.689335761222018 1
12.312586379156533 14.967809627026105 1
9.54530068561439 3.0479196781531415 1
6.21395568597376 2.8341115296846953 -1
17.26856148311302 9.203804743018996 -1
6.1062929408520095 5.927121604344072 1
16.102546720160472 11.158734738546887 1
0.5251965034311668 10.076749161357355 -1
7.495553422837091 17.901348018249134 -1
9.820381726582783 13.865708122223824 1
14.575825958737408 11.503452784882715 1
18.709710103744328 18.990049520826 -1
7.132320916919916 11.046799226692956 1
19.26987017577482 5.678864915750175 -1
17.502459378268757 9.614270607688177 -1
1.7937862437638863 3.50604601258218 -1
19.151872330086142 6.787636848422942 -1
19.27417909539059 11.794345056187165 -1
19.430191148732042 1.2558512711662084 -1
8.538784232688748 16.460973340643978 1
19.864978846216218 4.202607117062735 -1
12.460809385809984 18.047561048594908 -1
7.710737874885389 13.220567544353885 1
8.392418633807715 11.873264181937113 1
9.122929671637095 1.6267585439946886 -1
15.755359334768809 13.91364318790503 1
3.2969179254584624 13.681578214771763 -1
8.446521705484596 17.254163134456356 -1
1.8005380295589934 18.54885962140001 -1
9.284632507096934 2.3622667814765275 -1
17.480497274796832 13.916271003928347 -1
0.40253075836182095 10.246960245406743 -1
12.078479386634935 2.866474327133832 -1
7.563561312935187 12.880612287487061 1
7.621984959551364 0.947562430349671 -1
3.184158995276851 14.840654497966476 -1
12.769769818010495 6.958522259431699 1
5.736571987118126 14.94217988559904 1
19.772740581567184 11.367773551738747 -1
18.0616250000874 18.79440130754374 -1
5.140776693442815 9.604313739556227 1
12.518240007066721 1.8179331664435794 -1
2.045217284982086 12.075736207997066 -1
1.3438754051178936 8.441579070586851 -1
19.98414870516133 10.648172024210528 -1
9.035436248266445 18.823801112702505 -1
4.03475907809735 11.30662413861388 1
2.682452272090541 18.029192223584282 -1
1.5321460836857503 1.2577246849765733 -1
4.322231784042576 7.4615296725102365 1
5.19619176794031 19.682794029022087 -1
4.676256152132923 14.802117843480612 -1
17.742350456460755 3.3088268879114713 -1
6.749325736439415 0.29468862026353015 -1
4.178462701233778 17.191325793831954 -1
12.88161845928494 19.306292380512424 -1
0.7894209991216994 5.491951848881971 -1
11.937720987912662 4.250094658706396 1
3.734533431099034 9.20644890663838 1
1.8855050433773735 14.255837119394352 -1
8.931309523381417 12.475362941707697 1
8.673530277651109 7.515012744880414 1
1.6030337707743092 6.813729723449038 -1
15.760661997084595 19.849044928204275 -1
19.308154510708718 12.93344634353852 -1
2.5211898676963385 7.204635679324511 -1
11.83041481067957 3.0905095702573138 -1
0.1190608850608843 17.259303874845443 -1
6.512361723144764 15.50635912668721 1
11.850797951777928 17.038304886338533 -1
3.1677623040245795 15.699967529238943 -1
13.886355287919727 11.051069910291414 1
17.285291652803267 0.3697723657106122 -1
7.782229553286417 10.736356469561592 1
5.291039775802613 13.859207677565848 1
1.8940749188715578 18.464919591055928 -1
18.410958159804515 8.759649468265579 -1
1.086411996947223 4.845245426719977 -1
7.437118142547725 12.305152526785646 1
9.333468762983657 12.547494056269112 1
8.887796289106527 10.520918071383893 1
11.983021262634894 2.754896932789541 -1
12.340947473913143 0.8170864528464428 -1
11.487641853893539 13.323262626024166 1
1.2632560143988125 15.752911898663768 -1
12.539420229131279 0.8908714083616798 -1
9.35726520029876 15.013206034441504 1
9.468442537751207 6.066941548057272 1
18.881981727566124 3.9638046720457543 -1
12.599426542127226 3.290714826557779 -1
16.581648532071245 9.808666146568637 1
19.632251305373348 7.853339634407302 -1
6.108746593152374 17.45918055522398 -1
14.462145314710408 9.014330394874875 1
0.9573279783453925 12.112741329213696 -1
6.958426955511518 2.68027283843294 -1
10.543056831316079 7.519500419302217 1
5.982323890413211 19.64707776378202 -1
4.787793995463825 0.30295782218697553 -1
11.912685801068157 16.543458482922503 1
0.5904150703946809 5.936773985209607 -1
4.179368492910999 6.407291120058667 1
18.603858075128024 10.5696099262242 -1
16.206851586768348 16.27932715048003 -1
15.656834143981047 6.552540324018484 1
7.114500297276562 5.026986117793482 1
15.107888464999832 18.885013626910304 -1
17.880918801086853 0.8139019484028287 -1
18.539744431264523 1.7676949271099907 -1
5.591181622837766 11.983430593117763 1
15.616981574287458 9.855074143477108 1
18.209587409394658 18.723351692297637 -1
9.832885996993042 16.347587730940813 1
0.10091348212560414 8.672113696677767 -1
10.535165645011151 15.963660584815305 1
13.192662018641501 3.225640248250301 -1
1.8252535855396324 5.8775088945114025 -1
0.8825604417672372 7.673660003748239 -1
1.2372366219372166 13.072012935029669 -1
15.313331590962726 14.163628267707475 1
9.858402287848927 16.476510479288628 1
11.874998276384488 15.257327087483528 1
17.672178842453768 5.335504172381218 -1
10.748239368975888 18.630401814886852 -1
17.773347236759516 3.9336804683175464 -1
6.54685347489014 5.157620021025902 1
3.161281794750652 15.35157315215406 -1
0.8545948723348684 12.661456750235816 -1
18.19280710425079 9.395661746295803 -1
8.200617078577379 0.4820864618784282 -1
4.493518329084534 12.382420960134894 1
5.559361181642856 7.507362721405368 1
17.570929897009346 18.29186393184624 -1
12.775854233272865 15.309440471188658 1
4.464921464531086 16.19504141643446 -1
11.889770655805274 13.665656705052008 1
5.208797471845401 12.354936094642374 1
18.08348937460101 19.549754225943694 -1
9.76724323352408 17.61544790468639 -1
9.472593004199934 0.7895629282170158 -1
5.322749773824755 0.8261739190066031 -1
9.111903666560732 7.656000261164242 1
19.097062882838884 15.492121800483927 -1
6.951877465172762 10.733269594649855 1
15.503449273354612 10.469836744197067 1
7.852369913153017 3.907395800121851 1
1.2779205543223604 6.0184190740311365 -1
14.313960342288564 4.879496752483014 1
18.785763439936122 11.076438395302091 -1
16.268093030063937 8.61102952992307 1
4.899700338419932 6.300050501693408 1
5.627269837209001 19.915298883583098 -1
15.938777734714698 14.919652195834423 -1
15.66478858435945 17.600571580293927 -1
19.24740062485803 17.793333111978505 -1
13.509397649225985 7.691246612935436 1
2.43177975524826 6.712920211426048 -1
12.641685979932385 1.9722882567341848 -1
0.1161003582488207 6.818181996843333 -1
14.594953778910229 14.88039617427541 1
12.919304436103724 13.510659988315194 1
6.292795366613941 12.617973827324466 1
5.604347312295912 17.59206306993142 -1
1.9525536475691618 19.782928343073586 -1
13.37911792953394 8.596105845244189 1
2.0581534592572037 18.15759232582271 -1
16.05437670403842 16.444224198267296 -1
19.354649718953695 17.276341313143753 -1
15.673245348523238 1.7675889553763913 -1
9.80221038103749 4.606365806403532 1
7.853736149583619 2.116807336737654 -1
13.340000880120254 14.506944451349362 1
4.980448612315174 6.694167250591847 1
12.626741629336063 7.508848472654779 1
7.182550107464727 4.724405524473387 1
14.03370841039453 18.065872589870125 -1
10.18961692443656 9.934609571618305 1
16.759890423132166 9.978340307733927 1
8.310384840083746 17.324851329889263 -1
3.1582468750372583 2.714099923884199 -1
6.616599397880916 3.7683382787295305 -1
8.900765147037689 5.451754762605865 1
13.977364260918765 2.357572392484384 -1
12.653256442826885 17.381888307849824 -1
2.4473384239983598 1.1171620895866474 -1
11.002765011826728 16.8477684771709 1
8.727573854092121 15.426017198670108 1
10.986445295492612 2.524171158073192 -1
19.627355729378117 17.55289417288154 -1
17.001835984631235 19.939887465810003 -1
4.902737493630827 12.149305071876439 1
2.5002620164585143 16.80645655392684 -1
12.272602251004606 19.73655479899742 -1
17.561063023748137 9.230682584072984 -1
10.079602651362814 15.672084322983395 1
3.6240276902416158 4.700397561833607 -1
2.385906971495795 17.266529251761117 -1
3.6148703148754757 15.54738341746803 -1
5.037288170581999 2.9688486434034767 -1
6.295637748087808 0.5862164698339534 -1
11.091404438764087 16.710639655808862 1
13.04906836662749 19.6097385493334 -1
16.10359147731377 16.035626243214473 -1
19.62609641047874 3.7939416904672574 -1
19.313692877955816 11.824988476655196 -1
11.727475538043226 19.6581381496992 -1
0.618659236658734 5.32802683814618 -1
14.180824877383348 7.204793516847432 1
17.917874249474558 18.302652998498793 -1
9.584689000995553 2.8418750903686107 -1
15.07012042550545 14.404781815836456 1
3.7114316966939986 5.929154328466206 -1
18.846353513023253 0.28095605954259195 -1
17.912611980989972 16.44453104304827 -1
17.259130509617172 19.799973312118112 -1
13.20698678891117 2.481078978327982 -1
9.432380504719738 10.650362574972105 1
14.462133704683964 5.107874510706177 1
19.239764974358263 0.2218342070287127 -1
15.877713602640666 2.85609780884974 -1
13.3197136589787 14.643524527881478 1
7.870402354076482 2.773938557163167 -1
14.015012042477071 10.40562928121162 1
14.73855316994559 16.400106807200917 -1
9.12555720864881 16.377631054152204 1
14.749668002681645 18.44230076697009 -1
8.735929894754486 18.747205220079305 -1
13.150856265114214 6.5211899028586 1
2.1070971934902616 12.940539396308882 -1
4.862990907334024 11.695961084617165 1
11.19472380846884 11.680031316105271 1
3.3471694969561527 4.730044854985083 -1
2.1263301069770058 2.558223506187125 -1
8.911437985742403 5.387962683966256 1
0.5328569679584105 7.701943963144011 -1
0.2854743498530876 7.433841199703486 -1
14.459499377020993 8.466329618244208 1
13.525800071733482 2.5112737319351774 -1
1.116217575696219 1.367027969475758 -1
5.333450929184895 13.664545634836111 1
13.31661462998168 9.31746135632499 1
17.548177454769466 18.149628624531836 -1
18.07399557242372 8.029362711356736 -1
12.49435045821886 9.338407574342561 1
8.657571242410079 8.195753353183012 1
6.699696118704727 8.18021834788529 1
1.7232762120383938 9.396475010258063 -1
4.511168078057118 13.291334547654763 1
19.307100745518756 8.897383601179293 -1
17.078777075440726 3.467101668470325 -1
12.293607229603342 10.513602790399348 1
9.743923571148796 13.74830398512491 1
10.323624820488151 8.80822526477992 1
14.508443728501865 1.2578499550949962 -1
19.51977512726352 15.707223441333621 -1
18.289505106810125 12.518667189000682 -1
8.232535504284888 11.662395075669762 1
13.83990777702218 8.49694300861885 1
6.233395274953153 16.54979422679586 -1
4.8761502417343845 19.395026542503718 -1
10.092884951356801 3.9188743737600906 1
14.453039310059356 5.207805117718518 1
15.773575404724943 16.355692077911407 -1
8.536493602927385 12.576290990610673 1
3.3985761884634225 8.584449316941038 1
0.20680623313119595 3.1308474017536536 -1
6.610981706653945 5.450599551344977 1
15.652223460997092 8.139310686424148 1
17.402480857792128 9.031332160352243 -1
2.199109066722078 2.0936462789407884 -1
17.476949599360054 4.101740716076163 -1
19.52491495474752 13.833556454960252 -1
12.621926033068732 6.183888022514168 1
18.677145611751843 2.9623664965544694 -1
11.865469179271525 15.181180911946848 1
14.093779787253704 7.378116380315875 1
8.51671305513259 15.596819921605187 1
14.875997508408691 16.258981231695813 -1
7.035027700856016 10.053107073016337 1
13.89545856033444 1.9019018434127433 -1
16.666709839107355 12.858906208011343 -1
9.9173054981075 3.143033800460011 1
2.7585888243558854 12.25818857668628 -1
4.87730885592307 10.556100067550407 1
8.546906482075444 7.79895042163989 1
4.319711620597371 5.282843717968406 -1
10.576071709634016 12.738233091854498 1
3.7948272926449023 11.604064654908958 1
15.297948264770312 18.555263379341888 -1
0.76422397779772 7.300010008537039 -1
1.9540433868149698 2.693964137420466 -1
2.440562036832832 1.487675760332876 -1
6.301305902371494 6.617913879104574 1
4.7691841346792145 10.425075477960801 1
2.4916483858895178 1.3171052279577844 -1
5.112492984500687 9.073783900819183 1
17.286166125791894 2.857467971272085 -1
5.067420156703546 18.608591757191153 -1
10.905360963685826 4.907707934522296 1
2.911020326610847 11.665817632830503 -1
9.329786079882037 19.357893858472202 -1
17.459663947450647 3.9496544716337034 -1
13.70608250239157 11.799032147836236 1
8.576240297808177 18.37037150104076 -1
9.630791351907241 1.0271844722535683 -1
1.2244273992481025 12.102950149284426 -1
5.150877969705516 8.585165908307706 1
5.4683569775031815 15.7731728300991 -1
12.503813695081792 12.471868369593766 1
9.02230197319268 7.636402687301855 1
12.262005746586764 6.300615469572701 1
13.951537930075942 2.7211443834548543 -1
5.153675921059444 2.061842777007601 -1
9.681860418203119 1.5104426361006484 -1
2.8213697388155246 8.366841970344424 -1
1.5630071997594652 3.4866236935376937 -1
11.46875194900157 19.03481240438807 -1
9.704918922338031 15.056450866026532 1
0.6680315767012401 12.63389396577198 -1
12.758641970424796 16.168772204704368 1
10.597794067429593 4.750905947322637 1
5.918187182967527 17.875451877291514 -1
1.5101565482125867 5.521516326278251 -1
15.62158880365569 3.4918921802194403 -1
11.333629681490065 18.080140759146172 -1
6.182560685364247 2.7857384996111656 -1
14.910748310090636 14.597543848181742 1
1.8273741922186337 3.2513386903934216 -1
3.0199787604739092 0.09948491158916717 -1
6.715568932250388 5.5823983732557565 1
8.754389322916644 17.386849173352413 -1
17.637212889489675 6.834511447934791 -1
7.253711145765243 17.3197658291908 -1
8.30447207184697 19.875465805748522 -1
1.5834827171122257 1.6060281842724144 -1
9.394045171286633 0.2916876479659902 -1
0.16118270381320077 13.371452402513322 -1
1.2140434198339323 2.4266767436702863 -1
3.9809285655825777 9.52663664566375 1
17.48319019966116 19.950060294443553 -1
8.557925035499137 12.014856219151975 1
13.322276508389862 11.122038917775306 1
18.36317027836477 19.687239271343223 -1
3.953079531595911 0.898474482734839 -1
13.025894406715198 5.212098415799666 1
11.721228456619208 7.772437322305043 1
3.314266193212221 5.907996877281237 -1
5.442576194411696 11.506451372815407 1
15.077039865691189 2.7166225640704655 -1
19.393516867932597 1.8953138756218313 -1
11.573932150928757 9.628213380416106 1
5.534478416382738 10.220386990669162 1
12.439429208575792 6.851914111612345 1
9.344430275682527 12.254904798320315 1
8.107624284593824 18.510188287189234 -1
7.90575677870333 4.095609309005597 1
12.794514187751895 4.132704602488277 1
6.432643189663672 18.732260389071627 -1
10.704303880070924 0.8932339819841051 -1
15.515242101578524 10.778974950296734 1
15.203442340671671 1.5990209191847327 -1
6.491729450045938 16.080244326046433 -1
14.227752036486267 7.0631682186199445 1
14.046623736878486 11.14529697434072 1
19.666729715755807 18.890391149365 -1
15.509063579915793 11.637453019611325 1
0.9796784114222334 3.3989654326084517 -1
15.128471154039161 2.5033227513882306 -1
9.466358919211652 2.940385301774777 -1
13.697522181165054 14.567179731640064 1
10.301127054010582 16.43840361956841 1
8.802083926869816 2.9598391596015983 -1
18.408465463078386 16.390863348634497 -1
10.314596011695333 18.400493254446637 -1
1.6838143197164057 4.0627062751885346 -1
17.40267042960282 12.08836755897942 -1
5.700585522991275 19.773440643374812 -1
14.68184769844761 12.414675609057364 1
6.857799683135322 3.7893300656021967 1
9.746071170398064 9.533204066378541 1
16.699970082620478 16.574938191541545 -1
3.302587668325001 4.703014107985597 -1
17.956185201574414 5.522123689828904 -1
11.045643167520598 0.6703309309360761 -1
7.89375185654772 12.520773408395542 1
8.111430619193529 5.479147914965656 1
4.6448185939165025 6.196543318949786 1
12.170358056386414 15.435369028227218 1
14.6454156909574 3.7602758884482945 -1
2.7701439051806376 13.1028995920466 -1
18.40511060410783 13.860794372392746 -1
14.269730270241297 16.40861267201742 -1
12.038766795361779 2.3169423345883566 -1
0.1042727777339203 9.73920744649574 -1
18.02355716859386 16.893805496520788 -1
17.02190158360498 14.90043564038832 -1
19.571423744510366 17.755692753547613 -1
10.921516527402304 6.809462331819582 1
1.4701888206945468 9.863689947613734 -1
19.649274465531374 10.758353314225054 -1
12.936965265299076 13.803448041532869 1
3.144797906381005 7.6755700848280695 -1
16.65272489886465 1.9428498614528689 -1
15.575692760048106 6.304097258551009 1
18.112230060537662 14.20461195422521 -1
16.665488602719257 18.280949060818998 -1
9.798966551174548 1.2880462265234827 -1
5.117261183592346 1.7939403340911508 -1
2.618979843147118 6.705216580760616 -1
3.2625106431284534 9.21946398806337 1
6.706285864692536 9.785373946388681 1
3.1986764222934916 4.278539387776236 -1
19.760909996430787 19.3792918343036 -1
15.190440652454049 2.5830940569084704 -1
13.141631648894593 11.15011910459777 1
4.545958306115172 18.710493725600646 -1
17.156788582985865 11.620051741252917 -1
6.47963433745293 13.036485754476779 1
9.54938210523905 17.225435173613047 -1
13.96074548691092 1.637316285421273 -1
14.779484009451686 18.69172168291309 -1
2.723515787670139 15.207607888251609 -1
5.9536710747611 2.428894553939991 -1
2.371993896280775 2.397093099356986 -1
19.687145764315 18.30386450508327 -1
11.197118095309184 9.475537749860756 1
3.516240131457624 13.750848527759889 -1
3.760465739802401 19.965773373693292 -1
8.658269304645724 11.801515123232608 1
19.360131301641633 12.795202079626565 -1
19.4179562839123 16.18852462764751 -1
2.196126979012074 2.2434538355984346 -1
8.499543273259675 11.981933255484874 1
12.253585198396264 13.823650367240937 1
12.9368298090367 2.2990650694041093 -1
16.581602808043954 3.1079395033192436 -1
3.1208929495644577 2.482699106029256 -1
14.618782550853629 6.2998206318608645 1
5.3641349448870335 15.3679604316112 -1
5.205023091372459 0.7058473901012952 -1
19.83467344689691 2.2857799474791385 -1
6.210822999836145 8.120144040927503 1
10.237329039065548 18.178590426530704 -1
5.180024804984457 1.133999866469042 -1
17.963114407724426 14.158624952627948 -1
11.716166239781492 12.879309679375922 1
2.855593103671068 19.750968204519694 -1
18.04948183553801 9.382412873837364 -1
0.5698476802172725 3.1247128782404854 -1
17.333547460584043 11.999668455365015 -1
6.575684101119277 1.3115122719645633 -1
6.975079537632545 14.473032197492927 1
4.349872266914305 0.4424927877581242 -1
9.128713439877217 4.6267156804704035 1
18.852985958910693 18.023380459857023 -1
0.11953616195767625 4.604014451642085 -1
13.691024853214008 18.40467903197527 -1
3.638961542628436 12.984479808846954 -1
14.446155229345425 5.794776394375405 1
15.730390189888926 10.786839360528138 1
0.5090478451006764 6.682640513402638 -1
16.08609935569975 13.45425505541952 1
3.5022052101794054 5.884737091647798 -1
14.664053236420866 10.857151096930469 1
16.851477909052253 3.8956974933042643 -1
14.97560969527273 19.69808885246143 -1
15.606762710785985 14.926762617244249 -1
7.6629879632116555 14.095373157523618 1
10.172279302831965 14.950857635877007 1
19.182508032444836 15.709562187789238 -1
12.333547606174788 18.544913844403446 -1
13.089372461201961 1.2198003549168712 -1
1.0724120694106665 6.479701102126782 -1
19.415248531151978 18.943835775911392 -1
12.766929459988797 7.6615231091266995 1
12.091861009686163 16.09902763197079 1
10.690175636271874 18.592274896567027 -1
13.989053858006207 16.81100213610338 -1
10.98421052523457 19.4243032723901 -1
12.809531098771568 10.50600370576825 1
1.0163114370891968 3.7971158514315295 -1
15.36950224487752 4.141946070833244 -1
17.92363512596101 10.185237228627797 -1
9.2726367529058 7.802774309824461 1
7.73503537811971 2.1987877727935112 -1
14.816139771476562 19.990961526651358 -1
2.2890534979334087 7.7123466216746195 -1
1.4785874531826781 3.300249294822921 -1
3.743471451178526 5.53293285867142 -1
0.2923028081789303 13.429340454886361 -1
1.1912369994789085 11.332035025012914 -1
17.972523271014623 17.725018901942736 -1
0.8011447575773967 10.91174341534652 -1
5.72622528298703 2.6041435512920574 -1
4.90141359211512 3.8705271051568 -1
10.411160810096106 8.637535107470038 1
18.365305405346476 18.76675168152085 -1
18.250750607111993 17.286734693118 -1
8.896487729748795 17.51468695665238 -1
15.615232126199569 14.06910654242415 1
13.623862772944426 0.9669638358709154 -1
7.699801825785324 9.146643848705487 1
5.540101443781536 15.156778896741972 1
8.653993381616106 3.0708442342261244 -1
9.855917204498798 2.2467440903559766 -1
3.6172785500968163 16.81062342596548 -1
