11.885565174724967 10.134095836836918 1
14.932649425865275 14.542961184882179 1
9.13447974508868 14.285831093230986 1
0.4394531290643444 16.01725201886149 -1
12.31252127948446 10.735655922799584 1
2.565990975175423 0.03167847950887648 -1
11.087783471444775 6.606038026149223 1
18.373488266080763 16.06584196586653 -1
18.23389789905549 10.43869386826161 -1
13.654451531917895 19.52299137783493 -1
7.021778974166166 8.249155501063585 1
12.663455937425764 7.847587204584934 1
9.649703587074681 9.305638494903171 1
17.90860547485265 17.840163836718407 -1
11.640025317119465 5.738896866886578 1
7.771270324224256 4.02651243198849 1
9.218161879122452 16.20103339965909 1
11.573904881047381 15.457713695515201 1
2.1801841040151193 8.782263645158547 -1
8.363220450234305 18.172973079732916 -1
9.154958560073908 19.2587055280953 -1
13.024147133764565 8.857464228300378 1
4.207371183218324 0.5727105312428993 -1
6.1813567427896965 13.02435781966449 1
5.2096552829348735 0.7003758629377721 -1
9.72372642087413 9.775930837177867 1
5.462475626124796 3.1428221746970753 -1
13.361633994877874 18.571409823563553 -1
1.1433016725588718 15.452448992487785 -1
15.514048456619458 10.116065268357977 1
2.112557978163696 7.3506613653449655 -1
2.414529389478144 16.915616618051867 -1
12.978653945476884 10.426845685035822 1
8.684082611546343 7.687967787605354 1
18.28268772029827 16.874323306256645 -1
16.031557807650067 4.121369263363961 -1
2.5053250993022824 1.2312223290465463 -1
10.799197313522 1.377397031542953 -1
4.309762068635285 6.481225759475276 1
10.636870363454774 5.3899870852670055 1
9.565176088722446 4.202231021585026 1
8.422162464738339 13.370693009375366 1
15.300050673684336 10.228283585110598 1
3.131888827449447 10.707500990349494 1
14.654836458779316 5.198474799449608 1
7.980003685534762 11.40613263793947 1
6.434373034678716 10.325897631066969 1
19.73459384140983 10.438301429564342 -1
19.676425680198037 19.015493403799237 -1
10.23064993454047 4.5302160536472735 1
13.372078890909027 5.7171607090050625 1
7.617254036974426 6.136180785732885 1
7.603214581096385 11.288039419768932 1
18.071500312690876 12.651683974397983 -1
6.143758808000266 9.661473654713312 1
4.02989250512382 15.461227830371136 -1
9.691753095458143 6.730586401859315 1
2.632927218498915 4.484275694723932 -1
14.752933959217627 13.54784908822073 1
0.8341875644747954 8.5657825641828 -1
12.989462850446094 7.420970874374342 1
15.204812363026273 10.107336159812546 1
6.624798927987719 1.8060453546211175 -1
17.611254587068753 1.1195736127735145 -1
6.109446917387857 9.035079677599311 1
13.250182003530185 1.7470038547655342 -1
6.113258552814919 2.038332231410298 -1
8.07323845935633 9.61198072094383 1
1.0565210502853994 1.1590228963394678 -1
2.9916784058833956 13.784845279387472 -1
16.66123210903326 12.53500605314374 -1
9.989550881662609 8.62932584123168 1
3.5375194818307976 4.25672321037907 -1
11.295506097995371 3.5569946737608027 1
2.053457347440515 13.557554791122072 -1
15.325655620689183 19.647897149507013 -1
1.8961468496949707 12.058495450442265 -1
11.674458517376777 8.619058577121939 1
0.8497834529637616 5.3648094992333135 -1
10.456190884748928 15.048182588895722 1
3.9899202438860093 2.386770012614081 -1
4.001186821092803 7.271647468859481 1
3.379183898922975 8.030964502987679 1
14.80196017992938 7.080721226544481 1
16.609211252213626 4.887010145802453 -1
17.18873023605666 3.8096373824770846 -1
3.0117109532596187 7.055823947970195 -1
15.688368883830464 7.671280688632223 1
19.586035938495666 12.81521108363762 -1
10.317106720852866 2.2293166060943315 -1
15.210683241230353 16.845803751753174 -1
14.34190846289142 17.131404618156353 -1
2.6124469707414066 9.058820578544397 -1
0.8317873141018395 7.480413967564335 -1
16.86635730016889 8.690851271865965 1
14.010322936355102 18.879904548454462 -1
18.6042654602911 15.978218942828981 -1
6.678385196478704 14.334552292997698 1
1.85220530767638 3.2356590623046166 -1
5.661265410354305 3.7179603992713695 -1
12.657424112345222 10.90430886146645 1
18.33613840830921 17.73238527233285 -1
7.021678763571606 10.381569423097014 1
7.711502021120989 11.66723838509151 1
11.732926875358514 19.407051657023658 -1
9.074095487182914 0.46970324257907814 -1
13.518290707677142 7.3194945802584455 1
7.24891640451373 13.842998733772973 1
13.576052108242575 7.693180494287672 1
0.4078616103149546 13.443864593231588 -1
12.559530045857173 10.479098711986632 1
13.374024921592586 15.83953564361454 1
18.089187417240083 1.2506121949028137 -1
16.723073950784837 2.7688382127286326 -1
14.375929771476395 14.639377316829643 1
14.338661109889335 0.8634918093036048 -1
19.54976118427701 1.3706598810072612 -1
6.13250332796526 19.318206053272505 -1
14.355061656831232 0.4956953603199299 -1
4.678760424842288 1.298819228989263 -1
17.123830741104477 7.3459409846734385 -1
3.6477929348891824 13.934389825255254 -1
12.239204890425984 3.766477085857838 1
3.871941818994704 14.50304661318796 -1
4.713590860159027 17.223179647015577 -1
9.977939056352476 10.78103915503492 1
14.438920009572751 6.894208363178221 1
3.356056455415486 9.68336758005359 1
3.298268174213519 8.34790705974684 1
17.57069825768052 13.122908872397453 -1
2.8576948837111216 13.393188900313929 -1
19.410760056603515 12.03483933020058 -1
14.42989911693256 9.411292621920634 1
19.58781812454667 7.116730112644101 -1
13.631369727539928 2.425874930405343 -1
14.053066352332799 2.2459027306987545 -1
0.6771442931330363 7.234674218836281 -1
9.626686176644789 13.383221710683323 1
18.927190309556924 6.932719986127318 -1
5.017448738285541 8.82773980004452 1
3.3369553437989996 11.62493376456341 1
19.028080526997076 6.197825389118188 -1
3.4808740244835934 17.990701883606633 -1
0.5419995843391168 10.115191490804857 -1
9.920726893696145 19.802502836347248 -1
5.130323102363333 19.290849747070872 -1
3.513040059120245 12.41365127250474 1
15.850617173646498 18.71164923586534 -1
18.19589959485459 5.053324731830053 -1
5.244977275888266 0.9946888633982409 -1
7.501994617555474 4.576178487651134 1
0.23294353808007928 0.3696014855489005 -1
12.557703633050938 4.522330188643256 1
17.708956947033755 14.797163331925898 -1
16.80708828468513 6.202141014549552 -1
16.492884640935458 3.811756685601506 -1
7.760712507281353 12.881975824364051 1
19.377046796824235 17.296660406137793 -1
12.831174947344966 10.950388132312503 1
16.016744567515563 3.2875200486276746 -1
7.10233265250597 14.90919775872997 1
9.737101052754817 11.981951406461222 1
14.59387906649482 11.262214871221865 1
9.694363322525522 3.170336832151064 1
15.472451416609657 10.423847618310088 1
5.70521148748091 13.647624296500922 1
6.719690620204792 16.653780220306047 -1
10.426187855451678 4.297078247927331 1
11.017619469311246 8.670707499659084 1
0.7211707670764089 8.252625058568668 -1
0.6683911158797207 15.817883370997688 -1
3.963308977729678 2.6176209601309997 -1
14.118657849770909 6.339881967960864 1
4.494181559587391 19.479043585806863 -1
5.867578497234193 7.050375849404658 1
1.521882172460327 5.95313788158596 -1
5.1225103576334625 3.0639897680524975 -1
19.219674136032307 16.29809708950929 -1
3.623760251500534 17.426255532439352 -1
9.761393586999871 4.510177659973859 1
4.463658103198755 14.876229743337595 -1
14.87799532277467 15.201585391128603 -1
15.727784491858587 19.99182805614086 -1
17.149204028515854 0.1286017640865622 -1
19.587037358580414 19.531121708786944 -1
1.0103670157118283 2.5164086252369944 -1
5.632285179506981 1.1321865116534813 -1
5.149288694977194 14.12473450750781 1
11.94769205106736 15.456942727970508 1
8.83927777913469 3.8692150782417523 1
11.98496655135556 17.591510945276877 -1
18.462290805808756 16.61629742093295 -1
14.488396879841916 15.217139733545448 1
13.32564596559263 11.832628603017124 1
0.9672451706052065 8.923154164243233 -1
9.257011333455587 2.999614233685306 -1
11.989824385292993 5.604230407700699 1
0.022577653965278888 4.4558283370533 -1
6.210747884045222 8.659301865165233 1
19.935930420758837 7.403539913138692 -1
4.589277274640855 6.118788580142491 1
19.02438609849617 6.08245850478956 -1
12.401115421893984 8.535267927624009 1
11.463472129441874 9.009800365630593 1
18.492117890126178 18.245950800053038 -1
0.9485075870339643 18.4399288380668 -1
13.272580245275671 2.2084079954899916 -1
15.748365911453465 4.90468558648788 -1
13.739754126936237 5.248258619607292 1
1.15340867046837 7.093196783664217 -1
14.529076419157121 15.070763196992614 1
17.642355070080722 14.79064221045764 -1
16.009150162640502 1.1659273387049596 -1
9.934583041533969 12.075406685354501 1
0.9600410158275663 13.439567195503589 -1
14.048539566674362 12.34872162454465 1
3.654847229147782 15.764278625900307 -1
6.487739513432302 9.13421901456077 1
14.392653849233897 15.838574432884736 -1
5.376379602709996 3.73215190964876 -1
5.861995819545152 17.882105684452704 -1
17.43676602015822 12.767621037921073 -1
9.064553511474747 14.046794105010829 1
9.053483836776255 11.870353271363179 1
0.5884166156810822 0.7343003937446446 -1
5.439486181639415 19.38610481385111 -1
12.613486880136486 10.269738937109885 1
15.433650909138361 0.6673920316945159 -1
7.150434550762739 12.555380817582645 1
14.32473152950781 0.5007170910812597 -1
18.028695132723882 19.2295573352011 -1
0.6474273995665114 11.330187128647182 -1
19.121374306253504 4.798567690010779 -1
9.576582818890627 3.5408593801040777 1
13.176306372489757 8.933556168556896 1
3.7410341347081277 12.434741778098697 1
11.319884224975373 3.3032627982429874 1
10.828744476791792 18.356972540620145 -1
6.405579160763361 8.585021776600573 1
18.905030887716233 5.332637632260353 -1
16.39003912052992 9.773926022514951 1
12.122878323497105 13.115387216630452 1
3.747256910742871 5.909913024014868 -1
15.112506571407966 10.610044804935594 1
18.717290673180578 15.516075157029706 -1
1.0133889549540132 7.579723468486151 -1
18.64625115742739 2.2887546470789544 -1
18.08046239997032 5.669135574558604 -1
8.568994414308222 19.394774649303805 -1
12.960900779883605 14.167891006090068 1
14.073255002184595 7.540329139758111 1
5.203127530069754 11.630974228333923 1
3.9755763832415147 0.16021176360390355 -1
8.434634638099716 12.960606603419183 1
14.146179853649155 15.39256835372642 1
5.063656107309667 0.3496044141434296 -1
2.9909263286273724 12.621186853565574 -1
13.041726902089595 13.897814201641033 1
2.276327896708503 0.16637471995535336 -1
6.471222337325855 3.5599444514493195 -1
12.769277996435006 2.784382356749744 -1
5.698885257943653 8.922371818789948 1
4.905894258987735 1.7014484453257084 -1
1.2689524281129172 19.67522462180803 -1
0.3359885521026795 15.113732661267157 -1
18.033521927489048 19.00707678383528 -1
1.0722915600219474 3.3484894940091103 -1
5.1436536504906805 5.949225177772863 1
14.431771752253166 4.068478277513455 -1
4.560491115970125 7.543867800735031 1
11.45635186574048 3.7950947231712084 1
11.330578213905369 6.775583502766944 1
5.350766498964199 19.438869156313505 -1
0.8261831173656353 10.467006321405098 -1
13.563220114847903 3.6071143768246716 -1
0.860933168435023 13.62513402863896 -1
6.329475936717923 0.18628927146538965 -1
5.410059514063706 1.655560394093878 -1
5.466448053413638 3.0255913946583113 -1
12.746725827826333 17.506597836410556 -1
2.8041385975529254 17.932275975847062 -1
12.845049822962636 11.48879414583445 1
7.259849970320078 3.975999245243489 1
19.499525316781796 18.69557397933106 -1
8.72696822548572 3.3149554550864346 1
8.17901892399531 18.725605570573606 -1
7.269755252254095 9.074988067753225 1
10.118760811220382 8.30492709974276 1
18.92481828972573 2.0185917068821158 -1
9.99985434943089 16.170165186320048 1
4.546760278688476 16.639319550413994 -1
8.735638105228636 2.690230425325153 -1
14.918060745778313 3.1060909799044456 -1
7.314887302511773 3.4391967983697858 -1
0.26790862214551847 16.769938788622476 -1
3.739634538224421 3.355169357330068 -1
7.655185656811955 1.6013191148962003 -1
17.874258395452657 3.8052453447505563 -1
13.518551370300333 18.644727945915275 -1
6.284182513039445 11.048246851059629 1
9.33945539714304 18.609825468876366 -1
16.671163061232622 1.376591567247305 -1
14.897117068508702 19.42768536401621 -1
13.058090870267417 6.919934448630663 1
3.998678796619952 7.048913107287824 1
5.132592144235753 5.530978225157776 1
18.95868563622398 4.093368465932519 -1
5.453686863365485 6.459256121494503 1
19.60180185067516 10.787150275450374 -1
15.507027177929755 10.083293784107827 1
12.220488671934223 3.6944097506353013 1
12.902171951822874 6.671762787282525 1
15.146928942179173 6.8304199715708025 1
14.714279697228188 13.15475290921015 1
19.326029199247895 16.848002923863504 -1
9.419175206435026 15.374760206294875 1
10.398442009252207 15.916533538708013 1
15.6456322905486 11.603924191545262 1
3.5547733858726116 11.670828247498905 1
17.61392331502136 19.121690451692416 -1
12.557387057789661 18.138289222523667 -1
5.652573773345832 19.654717460208534 -1
11.678367082654022 18.417203790390037 -1
9.471155000702145 9.564902409556758 1
12.731420170054912 11.271140201736461 1
13.80608565259964 3.3443850415884357 -1
18.715715747004484 16.643497397457022 -1
17.42291189665094 1.8597709306943622 -1
2.5347233227752475 6.087863783591763 -1
9.086401653672098 13.363831960116228 1
15.354789314047766 18.940917867548215 -1
6.708703019776195 9.79975098325861 1
17.53842121114632 6.7211610523763055 -1
10.599029247240548 3.621050541519326 1
4.7816524968661405 3.358134472384575 -1
1.393081925781161 10.92488378876273 -1
10.576747364492117 3.3727486022387843 1
7.79475683365246 14.309664892133217 1
12.846476603988942 15.911774374208074 1
6.827918517248925 10.601276636703219 1
3.568169369455778 6.612350994194339 -1
8.315112333924322 15.882303052102003 1
2.083031617593294 12.51853150920148 -1
7.312663040446976 3.264395884927833 -1
9.390475714433324 4.2102440139117 1
18.804824478438157 6.037655270417181 -1
7.584320637394349 11.367765661575548 1
16.558878729587963 13.151946834855462 -1
6.22097752471589 15.50522348701421 1
18.82498961836959 15.397614978025443 -1
9.75899131793106 7.176183902382207 1
8.550157254998629 9.683165149779935 1
8.299827246052923 1.0791050814691516 -1
12.021964476251101 4.8504180574568645 1
8.179777312748103 16.64452471339277 1
0.6712879511863945 0.9968410353643442 -1
11.355261350840774 11.654387703025314 1
8.831088064786494 4.252240292168532 1
8.421489854433498 5.447764988622885 1
7.352806044362399 8.456153686497782 1
1.119368016938851 8.387608206155752 -1
12.939257203024974 0.7770809408538337 -1
9.590777660746754 11.678697315428606 1
14.285314297340811 0.8008576998068517 -1
2.7750562881349916 1.8286529292215015 -1
5.102856222540808 8.041844217852665 1
0.695126490768776 16.162615880484356 -1
19.606715829676848 16.419475560412028 -1
18.212624806128154 14.675699956653773 -1
3.9958240615011587 10.152063146023803 1
17.054810227421655 18.591676036626033 -1
7.534851410553431 19.677506053475863 -1
13.82295653147297 6.735219506799785 1
11.083901332764194 12.617040264399694 1
13.325395938329105 10.622266282685898 1
3.48767829515777 3.77813517486155 -1
16.162225390410025 6.85809482074408 1
8.25969316438213 6.596000870096046 1
11.993235273557222 7.670458007831485 1
3.2150864482139774 11.29288416887663 1
18.45307710576849 19.547588616452266 -1
1.2695907541300455 17.37182175202967 -1
19.033741113502273 12.82908281066145 -1
15.96052868912805 16.618598112469087 -1
1.3281550912765683 11.85603965686954 -1
0.518522427862258 4.941502769305705 -1
1.9361742505996027 16.079113916324527 -1
1.2076551970008786 19.297696666527948 -1
19.60967677699624 15.055574632033807 -1
16.00231808525266 9.027128669319568 1
19.23273854778198 11.502426994264647 -1
8.03413637861494 2.552465084338511 -1
15.429038086119961 3.207966720604678 -1
16.697199277154933 5.822588828772057 -1
17.81037019205052 13.388958705823091 -1
15.67174495306346 10.800910577325759 1
6.213967324681802 1.9099277760172728 -1
18.710310254876738 9.563046738092503 -1
18.714290526141284 6.26461636942296 -1
8.642855318419896 11.121096737817044 1
7.732183981082256 8.335455537124625 1
13.528180515723838 17.946630325921966 -1
15.109921544468953 15.025107051531766 -1
2.3902924763933298 1.4534214335012008 -1
15.098438955953764 4.518313266975986 -1
14.067262741071811 5.518678768291842 1
10.252513352550018 14.966620432292446 1
9.358581041241582 1.1059280641823688 -1
14.751332679702314 11.51378060200261 1
14.158717601287453 9.081450940936122 1
14.607816685216877 13.34715050268465 1
14.607220670452888 18.424061452839315 -1
5.214842892387594 17.738344192924632 -1
18.78089614471874 10.186187690038793 -1
7.961997692489826 14.551416827918878 1
14.46737337366643 19.4460544380893 -1
10.550824750220427 14.277035198105516 1
0.5865112211280432 17.24777436229968 -1
11.6453980506291 12.722036019872498 1
0.9215662732545904 18.95379898327439 -1
9.344076783128223 9.38358394660578 1
1.268095038161694 17.458327738695772 -1
3.141432299947542 13.153430248155791 -1
17.606512443229935 4.518298672692326 -1
6.424345382543208 1.9987930324929315 -1
13.234027194047815 15.657549628821235 1
7.566981457544935 17.948531573609618 -1
10.762680294626794 9.350075961443089 1
3.3083981857627 14.917561858596262 -1
2.8174093890079366 12.184716177646973 -1
6.050106479431281 2.498589815737844 -1
9.877968349142314 1.0463122365307709 -1
17.80546252409515 9.556266305530208 -1
13.847644257936025 1.0195142701014692 -1
5.864415860023011 15.320548589674015 1
15.368412987387646 19.0567765310311 -1
1.7784766186886625 10.428545572990188 -1
10.15120867309169 6.48787250489309 1
8.109212186554952 12.752433481590824 1
11.092965090102913 15.207023894811758 1
9.755872063131301 7.542228295576681 1
4.3904032272654225 12.481906934917307 1
5.672127686413511 10.481452814224568 1
14.830751173040262 11.446874493663493 1
14.268770429732495 13.67620314384638 1
6.379388113524116 11.253629427074525 1
8.099797215561559 9.308114718920839 1
6.9872494163461845 10.721893063053248 1
10.978682459767041 7.0394899848406585 1
12.4542014934557 8.063011548992398 1
16.169515421110155 8.756561957366976 1
8.440735161151991 11.35395735853442 1
7.255379397315238 8.686268134953707 1
7.977266491919705 7.623127920868944 1
10.401924792008533 7.274427881539449 1
3.563377125354945 9.438478383184698 1
3.529402271478248 12.12620333932226 1
15.18622967520686 10.087994971271502 1
