2.6039961714818616 16.613820913994008 -1
19.124959178688638 0.746471003051421 -1
13.959629427719864 0.6984349494785302 -1
14.059968186431565 2.8630530426858325 -1
11.925512915594322 4.921267006808905 1
6.708870474277506 1.458055814253707 -1
4.3774665127432355 10.494261877363343 1
0.3957926218762209 7.399210519620947 -1
8.927979658212644 11.992549643713751 1
10.59153310256737 18.649991029531567 -1
6.7384557422092906 2.607762930176558 -1
15.931615957181098 3.1852866391377077 -1
4.841636444129898 10.50196863239406 1
16.424559280066763 16.61541078199088 -1
19.127225688218267 2.9421723693921353 -1
6.321419684024998 2.750923358368298 -1
11.76519850128159 0.8305231149915215 -1
4.989478489656811 2.4543887241672935 -1
16.45129995519551 8.162009409391464 1
1.28333767238618 11.947062375548537 -1
4.477933358400337 2.8539299150564235 -1
7.537758141388393 5.206206562825071 1
12.245010539243786 12.481493554902599 1
12.043658430806765 8.168223976279197 1
12.598870655505293 0.1797910610862674 -1
13.863711217274377 15.546299378306115 1
17.747510395528177 4.409541469849603 -1
1.1011332438413324 15.250664838774748 -1
9.683780758903627 15.834536800734059 1
15.643444832995776 16.36834938066352 -1
14.988705084276626 16.07097752996085 -1
10.156411273469521 4.828700508883341 1
7.291569793556755 15.355166585640251 1
1.290506950525061 19.457747811114253 -1
10.669362785755256 6.828527245808111 1
4.071605189830061 1.9398411791279768 -1
4.441424116663182 17.25567999630777 -1
8.366158874714895 0.34626846907409137 -1
2.6252425961116677 0.1373682157379741 -1
5.092546403672151 19.999602754972607 -1
19.63799578099615 0.6898222780425933 -1
6.625925108044632 8.086255174217357 1
19.49500450914606 0.5576885095875994 -1
12.683935838748422 18.261427263463258 -1
2.4926298630086996 0.22043990894139887 -1
19.779103254958976 4.675148360180225 -1
2.8244536915436513 11.303991962557994 -1
8.229800091783545 7.55041102640509 1
13.59482855608238 17.360772924074926 -1
12.913843316943627 11.654641487004922 1
2.0229747590906877 4.371041690803832 -1
14.009477925044669 10.955918373698537 1
0.5806042774787268 13.921277460023067 -1
17.518762403292452 16.261700293811295 -1
5.312586246887358 16.340624439122216 -1
5.119383933573087 16.527579625599408 -1
12.750739162897204 6.498016273456093 1
4.991831075867539 7.942953586064627 1
17.453935198800075 0.8603556405748014 -1
3.380606794836356 5.6328790971743325 -1
0.3709318429760433 11.768220201115016 -1
2.9181751397722677 19.349359895393494 -1
8.420359894977302 18.998965940945165 -1
17.009998663618205 19.289350672540237 -1
19.477372022593208 2.5862457963773045 -1
12.979808311452203 6.972405851929602 1
0.8322954583265996 0.29925384483963535 -1
1.894677981960411 9.271253221625173 -1
3.724096155850869 14.018600173460019 -1
12.002695624899395 3.388380891119598 1
5.262209018429469 12.354939163379912 1
4.666687373309388 17.39152123054948 -1
13.82659699684721 10.059493240799748 1
4.919219481429382 3.4409154760083283 -1
19.870866693595815 0.6461916851362237 -1
6.746665061713541 13.895260939753262 1
19.611737488380072 7.947715638435808 -1
14.264669311079096 10.320757512119837 1
11.69977462952218 0.5251772613890227 -1
6.9526810049134635 13.361045528463492 1
13.33478759191829 1.723072499467011 -1
16.78908356585414 13.898085795607841 -1
13.247254045334326 2.9023137573194124 -1
14.82939637048456 7.084592456891738 1
15.835178982074714 19.478874299518036 -1
0.34059087217254147 16.326374425381193 -1
3.246695194894136 0.19385409073115145 -1
1.3958797999663441 2.0371020593014766 -1
10.203673497462118 14.202396041885663 1
14.317747685578603 5.023693724448492 1
2.131198608340701 15.524123393934712 -1
14.471167783601985 1.7965418142136769 -1
9.834556877285618 1.1206719839776569 -1
11.896131988438697 3.0327233386986174 -1
13.629360130018245 11.547446042044278 1
4.114576696842834 17.938906322751247 -1
15.939039068942584 8.09050071093851 1
15.927407622736691 16.467965242018895 -1
9.030263044474774 16.101032737821704 1
8.891916613346464 18.66199892857817 -1
6.717152378974478 10.463754264399377 1
6.814717667018049 4.329563992227355 1
2.3445431059167476 4.0969951117739845 -1
5.9260967498390045 5.810759586065409 1
3.267490098301986 15.33975052267828 -1
13.310906317357347 19.601319991254698 -1
11.29751323666079 12.56430585783151 1
10.930281991528927 3.351026528516905 1
14.751594859556539 5.695279706414842 1
7.53962174699727 0.23940827344817617 -1
4.145415647554788 0.6412184060445925 -1
12.72394868743122 5.34107028010796 1
1.1843087039966949 18.971629667917668 -1
4.0766593195116085 11.728064710353221 1
8.073517300188255 15.381024828353258 1
17.112002857303295 9.938984854819184 -1
15.545174836903646 15.792291026036207 -1
11.185234817684025 14.409761463328676 1
0.14337748860524746 7.1933390946553715 -1
8.874996730924716 13.923742721078884 1
6.414991754175404 7.396090311811367 1
18.442603787749402 0.2985603617105892 -1
3.8973225684220414 9.987036261706542 1
7.508107777430428 11.008960075158836 1
11.262554254285002 15.89028916031236 1
7.043371660345786 16.992308194121065 -1
19.868907784502746 11.507237061994498 -1
8.890746239553497 3.0979522069071974 1
4.741808056622241 5.014976667834798 -1
18.036386540404425 0.2379110553010233 -1
14.53598370637242 9.199305400725136 1
12.305318407020014 5.953541117594893 1
17.529268857372347 14.545940910231543 -1
8.96595179576856 9.906769132010819 1
1.8353087466909068 11.006177207475309 -1
9.87427535562164 6.45698603742262 1
7.8940042612612356 16.683614114096454 -1
16.874314223867614 16.750416712584457 -1
7.4821491867973355 9.38354202348795 1
0.6774176112539276 12.07024472213912 -1
13.224867279817667 10.994117959690545 1
10.84591260984755 7.651287508617193 1
4.128688148378314 3.1780678846767785 -1
11.112116120245897 9.027834870655253 1
6.212168397683568 3.743878633860549 -1
7.260409311610978 2.950347670555835 -1
7.823075993127249 15.478179810269504 1
4.508370239273027 10.644566739217385 1
17.727313714742785 14.477093851772992 -1
15.194105869541886 2.7892954515759083 -1
8.742463925314132 11.24973474363358 1
2.820443084150228 15.152462436506234 -1
11.597651293130472 10.296277313074778 1
0.6978888551319429 5.336226631847563 -1
1.5768031815280814 5.2651447892172065 -1
16.336329821233864 4.824696243314149 -1
18.48914932306433 1.4133940184596594 -1
2.7742538375424486 5.144913203027168 -1
19.407691190294997 2.69735355700349 -1
11.87347284399561 2.9648002830276865 -1
17.1017330070444 2.7473062661368286 -1
18.502199544859998 18.878278928738116 -1
7.882780625612247 12.628106992973628 1
17.689802903598093 7.697622513735296 -1
2.7188085284904573 6.001005785096578 -1
10.970654509178068 5.3886774768713845 1
19.23818618872651 16.50607181537415 -1
18.884813667173617 13.235337861071134 -1
19.928191452989203 4.819289188056979 -1
14.265675427561744 9.967593953410267 1
19.67752489171565 8.391014486373958 -1
16.199955571485585 16.407938618511402 -1
18.96558525074866 13.334103444322952 -1
9.98901029907293 14.924386938418921 1
11.86557199529047 13.479159569106226 1
2.6911368297923532 15.342950110271003 -1
3.574003962120267 4.580693134912545 -1
1.3476974087058613 16.54782805539692 -1
0.2768291824986746 1.163589277886825 -1
4.3016433120927395 12.535102318196236 1
5.070488073144861 19.727088978850638 -1
15.105524041127152 10.837150160512243 1
15.144040814726425 7.597212711758203 1
11.87415125184177 8.996652428843916 1
5.278704074821237 11.620476334699015 1
1.77576168177201 1.5845821278274452 -1
8.03990695555779 3.577555338716283 1
1.1236618731304926 3.986548045335867 -1
4.1816483473614685 14.709370383953207 -1
19.066983801637985 16.443273400245516 -1
15.174953370741573 13.665747195452552 1
19.21820582690335 0.3572325660795972 -1
10.330785835103576 7.351410399423976 1
16.715543014166844 13.943621001345521 -1
8.728892038034182 19.958032284724865 -1
12.849398024281841 16.7915051073487 -1
15.126318963394176 17.239634356023203 -1
13.81399494500409 10.51919909474669 1
1.898034089165701 1.4613358737629922 -1
2.232047512920481 9.62550397023329 -1
15.059412185397507 8.267297547782903 1
16.8093709009781 7.321121498816138 -1
18.76472339664526 5.395542533470294 -1
9.01448063794576 18.182989722614312 -1
5.78480251723933 16.47772299470105 -1
10.709994205316068 1.3552058799032962 -1
9.960823337905014 5.636971948606037 1
3.7668195353387324 14.708592957874455 -1
10.104545159780072 18.098512242429912 -1
4.232438867560983 16.448733457453553 -1
12.439509873034522 18.240457385573542 -1
17.20572811844651 17.510665840675898 -1
1.1950002077145094 7.162995261111615 -1
9.662610424457691 17.193857406142975 -1
14.194022122442824 7.867839218197227 1
0.4942901787354481 19.828303023173163 -1
2.72562131357849 3.0168497652409565 -1
16.223331946415435 0.9748062492949017 -1
7.457766302838433 2.921412998966515 -1
13.23188306689824 6.678340372597993 1
18.40017277436077 10.013893610585667 -1
19.1238792470495 10.364649079142644 -1
11.751943413760706 17.21011442483533 -1
11.117925380018614 2.342502897092904 -1
5.045354887815052 7.208918028861124 1
5.536541134854611 0.2356124222084044 -1
1.7513582444076192 14.896225621987744 -1
14.939436228562943 8.17703760173475 1
19.797021862991194 16.57896430528246 -1
6.962738489347283 11.876769721387369 1
15.194644231117959 2.738982870707969 -1
11.156098014989421 13.539006563121704 1
13.790701811331633 8.112647634815067 1
5.859594986009016 1.7781989334873183 -1
11.87361297510768 7.783016683086261 1
15.30573148316267 11.87500313624652 1
13.97363805397126 12.546860783287306 1
15.372571819845263 3.1555842334380024 -1
7.559042834309368 9.865606553670649 1
5.969839492047624 17.753026858144054 -1
18.549051619120032 0.09343739406443508 -1
5.618444794328605 12.174115138402524 1
12.40544841273675 16.937333034998417 -1
4.997950734942176 1.6380951560795376 -1
19.388719413186692 14.675710762877543 -1
13.161379887003083 7.7074002217693955 1
18.23608826860146 14.83033669177402 -1
16.529078850817523 12.532475564938505 -1
19.094638648611085 6.950982253880003 -1
7.973870700994931 2.0605831066240876 -1
16.179023376882068 7.478609572768442 1
2.9027404583314653 4.143253036271702 -1
7.669323529588015 2.759075464884897 -1
16.173251827214816 1.3795939756163667 -1
4.971721744330941 10.015803607509124 1
5.34071071603746 9.132866576624814 1
11.68437444718161 1.7623644694992802 -1
5.593662532174088 15.203154423360669 1
8.22186386370097 1.8911297065180444 -1
1.2063717283006103 15.08887897690665 -1
19.538425313235763 16.9021976853594 -1
14.016020592345903 10.57263092986993 1
13.962984808296016 11.695023769568877 1
3.7431259128659655 14.551414954736682 -1
2.270034554258089 4.683401585326017 -1
0.6298191659498431 0.16149608577216368 -1
12.753933292241019 5.220485790438758 1
1.9565099924331864 0.9232760109914429 -1
19.775005588874123 14.738436505267302 -1
18.172389658897995 15.584758269789988 -1
3.027226947990851 16.907328666112917 -1
17.170160376519824 1.890836891967267 -1
5.1798681848165185 12.250583789818194 1
4.437438320311 1.3074949360772825 -1
6.976167196396097 7.817495361908888 1
14.964015343125949 19.49452963067371 -1
0.4378363204301028 15.968685275242837 -1
3.520060102190141 3.911811023169429 -1
0.8155022635786113 5.813484372404616 -1
3.5529847358586997 11.832821805353412 1
3.608368710739789 18.429373320904297 -1
16.889629656265125 19.654301413670126 -1
12.67384873032481 1.82600135661795 -1
13.373659876167174 6.438233185551859 1
3.6741896488653336 17.901723921611865 -1
11.611514124494875 16.338736344437994 1
18.241305966692565 7.836326054353404 -1
2.0548365775783917 7.437090696486102 -1
8.059404629612054 4.796789226768803 1
0.1431285310386876 14.40773727144197 -1
18.304167573114917 6.40528054533007 -1
19.679086950315067 8.568727402664285 -1
11.925867568819367 11.611399648396137 1
16.300260840824492 12.76222682927942 1
5.486540270914222 0.2372191195284401 -1
15.179262654237482 17.05393890715985 -1
10.680320950415545 14.517005959875501 1
6.498113535473598 16.119680345506044 -1
1.867982413254894 5.467690680101476 -1
6.678116734893855 13.940897540990377 1
12.95659455314917 11.196549184118723 1
13.296750520600533 2.6008479985366573 -1
18.471069236246336 13.97790918367285 -1
18.969143347272652 5.025093828446243 -1
6.409745436013125 0.1183019056590573 -1
11.056807361466879 5.902172900100259 1
2.9777338937411524 7.30526710119801 -1
0.018279074774367743 9.508274496246916 -1
9.9328306631252 4.875552493827002 1
4.2136893893440615 14.521162141578436 -1
13.49905891384078 4.009670890370933 1
5.0762328799861445 15.88683989095581 -1
0.6981084391784131 1.2651887231347514 -1
4.497474989970536 7.337229581724727 1
12.969679377743457 5.562101713698109 1
8.586242177823138 2.724270352953597 -1
16.369743730560124 17.265081694680404 -1
2.3406453124261994 8.85869766191555 -1
5.500467792464927 5.307245379435961 1
9.991533800527604 4.515208917226763 1
5.542340053947168 17.27972981622446 -1
13.452945484851238 1.2445149639241748 -1
7.78314694484046 17.561202268040553 -1
16.71586759567314 18.836319700487813 -1
10.846252285909921 7.458937758484545 1
17.31343283133336 4.657230256134859 -1
11.072981295361863 19.482803354050507 -1
11.915822100163993 19.48757395995453 -1
18.412534153026854 11.931526782390062 -1
15.378193463074169 11.38833553173053 1
13.3491251244648 15.151601653071632 1
6.001275290187449 1.4328333126701653 -1
19.590887495755936 1.7450638783463335 -1
14.583073659650408 7.474543629192594 1
0.09924536031048037 2.2533182521028894 -1
18.23349449373028 13.855189783852142 -1
4.985346908631354 7.591671936568849 1
4.606003529635954 19.842527763244362 -1
8.514769375199638 17.68318757584969 -1
11.32308589360447 9.069288145378948 1
19.93325221181593 7.303151134334582 -1
16.61776293926035 13.849188250906908 -1
6.1636616658027155 1.2370890433338189 -1
11.515090945353034 4.097557428438283 1
16.089196027263924 19.35444737383419 -1
8.437331297748404 12.823293076228023 1
6.357017280643904 12.992163173541432 1
13.078534082083145 15.441089887243692 1
12.324559421888226 15.116137021054278 1
19.65237468198048 2.6888691059075964 -1
8.352398049538003 18.45476310809672 -1
5.758148178057743 7.623023464483554 1
6.647187827000131 1.7456161012970162 -1
13.248022074997133 10.956228696350747 1
18.184601287366156 13.633906770710333 -1
0.5936639330235494 8.06363106478666 -1
11.1643238056422 16.696830899502917 1
16.098991574999427 4.092127052869716 -1
7.35260449922948 16.376176456175582 1
18.266185134640473 2.3108218670221325 -1
5.547868225514129 8.737191871699032 1
15.491361058106193 5.108666595910245 -1
18.713012937174646 3.346865681845237 -1
18.302075939402272 1.3513047313807514 -1
19.99101802799656 1.1746033481375617 -1
6.74302405903719 0.2677167996884 -1
5.998408101643018 16.97665661343781 -1
10.431579383377798 7.744894935894222 1
16.879720436050505 15.060742636169495 -1
4.0584847899504055 15.698716866807839 -1
18.709735111083553 0.8202970951212873 -1
5.703267096417153 1.6739388468178151 -1
17.24362170432007 15.869336968767367 -1
0.5130588985900353 5.553151461605845 -1
9.57477478121566 14.716458924423847 1
17.39073210821034 17.274926885902417 -1
8.649550924795975 12.8844673704584 1
16.733436150760753 9.49338901069115 1
19.41043752116397 9.062204658649273 -1
4.606590932767909 14.58152990411665 -1
3.9498795988705093 7.811691885320304 1
10.007496921040449 1.9191775250236964 -1
1.4241739052088342 2.3060965598552796 -1
9.877085577197963 9.607525132525351 1
17.68158105148159 9.29056744790408 -1
0.7720597660003103 18.823850479212002 -1
10.437588625583123 5.971394664109955 1
6.6906888244588 2.3015552274938367 -1
1.6815447387860316 12.163654581057044 -1
7.722780109427918 7.975418863622905 1
15.103080399959378 11.454190717754196 1
15.011148968006523 19.20510512623811 -1
6.393852701782885 17.253529363018913 -1
4.327544470718665 19.459810902445692 -1
10.267895343207389 11.940256494541927 1
4.3180066789045 16.06601664471277 -1
16.948349563587698 8.674367791411992 -1
15.326601401642945 1.239160479443564 -1
11.388961223303735 10.471221922530328 1
4.306759010646011 6.69355322895896 1
1.4049147130424622 14.2316175669251 -1
18.66127198082935 10.244553348397984 -1
1.3366924299410199 0.16800261639601244 -1
4.688209144489286 13.150229635477661 1
16.96479770518432 5.24080749610609 -1
2.0979965460270966 15.769047100266535 -1
1.5065650094524252 10.564654615475089 -1
16.02089007194455 16.59751287038962 -1
4.619339098229041 10.88640092129321 1
14.561846634860059 18.27326991879287 -1
1.5830542454543606 4.081909988599904 -1
1.4736614162119643 2.496176966062329 -1
11.747702537823129 3.033532948656039 -1
8.181521245692052 7.623952326835126 1
1.0982314459313325 7.476196693708673 -1
9.488458352770266 19.829208450741532 -1
18.19931484245934 5.370982150897154 -1
18.26894668612966 5.549166358641262 -1
10.136161463750618 3.3141693095861924 1
4.25121284307294 6.631288872787955 1
7.101273390275422 15.982557352910318 1
11.477909948590243 7.408706089132291 1
6.833951195511492 5.174431391155274 1
10.305336929173547 10.58420516020613 1
5.2637991509430915 2.961902193547641 -1
13.108017805433803 16.063688895183756 1
9.206898576496608 1.5051883423972456 -1
1.2797296429904148 13.18932175520748 -1
17.93870255035975 18.243611609448223 -1
16.806998682969652 19.40941930968736 -1
0.30665271641930225 18.676020306785567 -1
3.703126666859995 13.020237900978778 1
15.632953241986867 13.277818389828951 1
9.691130560195482 19.043495356329192 -1
17.057986533562165 16.087846794779967 -1
1.6749098883074742 13.577869887742214 -1
10.375907603642059 4.974756099629964 1
17.788413227414452 10.05551328441583 -1
14.192103220098105 19.16920738044253 -1
6.450835159876975 5.1620980122952576 1
12.919876942875216 15.885456764493087 1
12.646498210407868 6.582326780136678 1
15.143853367170196 0.9607536186380461 -1
12.931740661938587 3.226976178970955 -1
0.267785744115252 17.916761030545548 -1
12.34047684052875 8.409955681784936 1
16.713945957971386 0.47338474014380516 -1
6.755782474486207 10.34936844105246 1
14.684958405970072 10.514799732339483 1
7.220736054965813 2.4846732588701004 -1
16.268374278476823 14.223620780670984 -1
9.472093500914527 7.987496108918255 1
9.621825213177985 7.696605692860654 1
11.249082722957784 2.5437391503722906 -1
5.367390665109926 7.6134135374770695 1
1.9540917726001772 4.388217263830409 -1
12.416276654899594 8.297333282014261 1
13.62907183318674 1.8248037239511539 -1
16.735562232374328 0.2146739871755199 -1
11.44687477500723 5.371335841755867 1
19.45488513191022 15.633596802411232 -1
11.589576436896863 5.531509686669345 1
15.78498863928129 16.209915542428398 -1
11.180476560534558 2.0611423034617093 -1
14.751245095995955 15.07952583573175 1
6.814249618288168 4.107350177443207 1
15.82430711902851 15.256405200563346 -1
0.7246543206722622 19.646617883487913 -1
4.31625241679966 13.85917846409673 1
3.0559907528339236 5.767559924562771 -1
8.671610987412697 4.21035418301982 1
12.434432562666213 4.773913136698735 1
16.430033280278387 10.099998489474142 1
16.13326505909614 9.18513267261691 1
2.5656515008748437 6.3037359318437725 -1
5.684879018461116 10.353467351990355 1
2.9316225511736227 12.484376476928936 -1
12.066332808430708 8.532205452943188 1
19.354254632930235 13.807312554084579 -1
11.097370450331594 13.80983812163852 1
11.37807263537158 3.7128080816850395 1
14.923287732875663 6.613644045875475 1
5.357536332737269 10.892095364194764 1
3.1708050346923633 0.5827250183550636 -1
11.619589462392142 6.396582626080589 1
8.27366563344443 18.543925780717572 -1
12.705767049630335 7.998784615977341 1
3.633325184130811 18.783611138500124 -1
4.2364856536749045 19.665270185003013 -1
18.482211274846712 15.615442759851678 -1
5.558172655446738 11.584087537705903 1
0.5692219761098549 14.745394322289531 -1
10.356309049942311 3.531450743478217 1
19.444436691467143 3.4445978440799685 -1
14.06655330970359 12.753637228388676 1
5.53499234321194 2.0517643478604386 -1
8.392781340534105 18.52864673078419 -1
2.1355904070955045 3.2406357456810575 -1
8.178453739430525 5.494356907695977 1
9.403182224364732 9.636634968924335 1
8.426934064058644 17.781617317193785 -1
2.0774831557017803 4.279022632453948 -1
10.614210007387806 3.5810960228142585 1
10.908213288991327 3.25305207235959 1
14.926261330121475 9.383158630726081 1
6.148054923147175 15.41165976941776 1
19.837271398374412 13.412826909637195 -1
14.754777584537429 8.650605654603986 1
13.727760624813497 14.434578396418452 1
17.33421712952383 4.033780160013771 -1
11.314687327820419 2.1676349645767456 -1
18.55613579040086 5.079291449191022 -1
14.542799048976567 5.829713257955056 1
0.7082571659079417 0.5776546480678935 -1
12.457264897563983 14.711437177673655 1
5.058196094907315 2.6545418775474183 -1
17.1554358084793 18.46162651139107 -1
18.06078389897452 17.892996989548834 -1
1.9159960521234676 0.3487923357863498 -1
7.471295992623994 7.913598306872094 1
4.249407598749664 9.787552528480962 1
17.422388942842517 14.445553621294296 -1
11.019059044991 5.605048348102013 1
4.121358977865932 12.904905743458983 1
10.70481668181053 9.685568689443881 1
14.765210753092127 8.049800566571044 1
12.448711350683656 16.91318928856029 -1
13.239622826800385 17.48636155404139 -1
4.506377886071822 12.65796140463835 1
6.848499996007737 19.6465034818068 -1
9.258959830714964 16.74429197304519 1
7.929745301440847 8.32845695523379 1
1.7446806924376523 8.732318804550829 -1
4.773181831454449 13.588861055506221 1
10.529297308660146 16.882635635812402 1
12.543119578931048 2.462798432689397 -1
5.3482910813760025 0.08825410618288565 -1
9.1267038626133 12.862301334325249 1
18.69470831563476 1.443135989675306 -1
3.1746557611334225 7.448983706039756 -1
8.609325800835952 8.631702174200607 1
8.250276575680234 18.46922932671736 -1
10.207818389955401 10.060312902646576 1
5.184652754363109 13.593790934916152 1
0.39377549849468174 16.811797870660648 -1
6.978739002880879 3.71787533940382 1
0.981256609455583 5.723518711775535 -1
10.169337102863604 15.0252209827492 1
12.457138585317454 12.564713805954229 1
1.850308195517243 18.575904747112276 -1
3.1422071443174526 5.271939285722316 -1
1.5249749398815737 5.505597723511104 -1
9.619934332809354 13.12050086428682 1
13.711187508446267 5.493737799504014 1
3.1306557177615035 2.103719860815134 -1
8.552045890572737 3.020534876777974 -1
9.212316358989892 2.733940791023979 -1
12.17709327126923 15.958105813616452 1
12.872083146648833 1.7410141654187017 -1
14.074800249537105 4.3469735108456975 1
8.997816605202996 18.066881246899385 -1
9.707789330820482 6.772086948363711 1
10.908843273804258 2.520251014425401 -1
19.687225493004977 17.748676839166414 -1
18.4575992383023 18.632343692586538 -1
5.6272168757107295 0.5120356672389792 -1
12.835986684996472 11.021772979364524 1
17.790398638863657 10.564164708453205 -1
17.01413648652544 4.448135580098018 -1
14.72056823779177 5.769504290109326 1
5.741760747688714 13.099640895888339 1
16.533116150272555 0.5684172117621844 -1
13.324060462921196 3.6258962250115845 -1
16.35794025541691 8.926492077160802 1
1.8921010135614447 3.06984924680912 -1
16.667660296116622 11.755835627613598 1
3.054498064041349 5.828745693398075 -1
10.497528574743315 0.5440673634661541 -1
8.68801902928393 13.575912502368661 1
12.355510617216739 19.383294119989248 -1
13.68570934720817 1.3700273107879535 -1
8.29983442968409 10.352849665088202 1
19.14151586626496 7.63528905706409 -1
8.86118443247928 17.893766195521007 -1
15.28500433376633 13.907097818915396 1
11.139838962022663 18.26790670455164 -1
3.8262989853258844 3.7836559768219713 -1
2.7851098290539134 19.20820731407575 -1
0.06380840124017517 18.00262244014639 -1
6.718456994902984 10.76123641494881 1
10.311642878941651 6.785588689326603 1
11.562840568904601 17.08792860723446 -1
11.409918080506989 8.23252589120792 1
2.6153467084342585 0.9029150181614409 -1
5.841961247841228 11.941388173789028 1
17.124038361439126 2.1385893100158127 -1
19.755676683852123 4.38238306216749 -1
13.197136023581646 16.53572784654917 -1
5.232803713553649 18.17505008629218 -1
11.506536419633601 4.081563770854537 1
6.116698933487057 10.289472247946847 1
19.353831046266258 7.184450614980631 -1
1.546849783631119 15.930362338269752 -1
5.360880671513177 11.848411238121667 1
18.14427178848033 13.3463134369131 -1
18.663322991233798 0.9564860642179918 -1
0.19647089161179299 6.44354651412235 -1
19.356285886816604 15.659971104562736 -1
4.774917071318532 1.8140440318719975 -1
18.575096316604544 17.524519145292224 -1
10.95141781060412 7.048359849522614 1
16.796540394803564 0.010447766970802519 -1
0.1919615226546112 17.03220031896471 -1
11.126999026923448 7.643519388888544 1
18.326084881006217 17.827642357775716 -1
10.6991535888584 5.0662278665878695 1
7.437573245597995 5.174059852384834 1
6.020363083869496 11.042421334849825 1
7.147464037803033 10.43140660723298 1
1.2322154482378656 11.672963263484402 -1
13.257269429164086 13.725583482992423 1
5.64636120011251 14.276911406054813 1
12.410148924741106 13.607306215591349 1
2.9718136385752447 10.183878541568781 -1
15.619729856037022 10.413412418992468 1
4.173943430631342 13.149570529409003 1
17.48873858342534 15.260236525383812 -1
1.1053324066118497 10.13135085961568 -1
9.612514674473964 14.848239924931608 1
6.099470645819267 10.275731483297587 1
2.739493288241419 5.183755404437036 -1
13.393495379567122 8.508008475829865 1
17.10337707207682 4.60917953897003 -1
1.368042728815857 3.2274941758749875 -1
16.845942685657313 3.8936535868359012 -1
11.790698418058653 1.2224898819232433 -1
8.033321765199082 11.236728493795624 1
0.180774410907647 12.091729872547862 -1
10.762416091989163 7.4409198161674865 1
17.465008525884734 9.333071136632912 -1
19.035484674069572 13.878733237634084 -1
15.218449204301185 10.234923499675364 1
14.135325179613334 13.228570536426929 1
14.569141156296158 17.957888875505937 -1
12.015360422628852 14.098954455987487 1
19.801623107463904 8.311523896419779 -1
6.502581934379263 12.68120846143518 1
14.724369944887922 5.585706239703092 1
5.536175965962058 6.58113595052874 1
13.45552538458061 13.709023746273502 1
3.1467952929959497 5.029134907297321 -1
1.6582015204454037 8.315958688448946 -1
2.635345097878954 7.022083182494021 -1
11.307109909108966 9.527231054516454 1
0.5087874672268455 5.491100047913717 -1
9.082779270945354 14.763921889370417 1
1.4704832744845575 9.1929740193248 -1
9.074973544536302 4.7631026886794725 1
9.967625600767018 0.949058522529227 -1
18.868638324474457 2.1215654243419357 -1
11.3355620791165 19.779455055364775 -1
16.635668950203332 9.994648418729152 1
16.074187507735115 9.928774250650703 1
4.589214623676769 13.62095461673215 1
0.1836602719739222 8.393023396361235 -1
12.955118522177882 15.952971144241344 1
19.318454016347026 10.900149339823795 -1
18.66179543081874 8.220915979163333 -1
12.464240327831092 4.300241358732409 1
15.435260850670726 7.649824449957158 1
0.06510091747155444 19.936004025161115 -1
16.152511734444147 18.041436859240136 -1
18.537523499269184 8.937799123871986 -1
14.161535088468566 9.573707604272135 1
2.094632516564303 15.528359969005244 -1
5.540360964482344 18.336305247962006 -1
5.208203345617417 9.431242887322714 1
8.1930926740354 6.463328237275232 1
16.477403189910767 0.4952564741542731 -1
17.548411447883286 8.668990432164296 -1
13.257210476626753 1.6043160834368009 -1
17.39650461013249 0.05113553035217544 -1
14.795143155614323 10.12439102745877 1
8.248169682353934 3.935924913391149 1
0.46071432285489156 6.134739532240712 -1
8.172508555746807 6.5279404625858195 1
2.234648570879063 6.829286850858571 -1
7.894458125111681 8.568569923151621 1
12.179902498949605 7.209524457898457 1
13.347362930375652 0.5590758440224275 -1
14.550875550796201 15.307128161073473 1
19.52867025228745 2.9197769405152774 -1
14.529979216655438 10.427362127306502 1
6.566598759158633 10.726225857095347 1
2.785643416521686 5.611481313180386 -1
7.9935082447315935 12.090221515586503 1
11.671414464670049 19.26005281329807 -1
10.774893822641605 13.959310626934439 1
3.4131398317318173 5.719143348020628 -1
0.032285075085003445 6.744478772753517 -1
14.326812161064812 8.721541667598053 1
14.811784825041928 5.871651316281854 1
5.078764322923311 9.159828707045143 1
8.03286111924418 4.256315187256233 1
2.0917010382316503 14.749232767286074 -1
17.07223532543509 14.202803200832845 -1
3.7411387120603723 18.889261215866632 -1
7.42611568954157 14.836731994169725 1
0.801812194035374 1.5752149967489215 -1
8.6618424319385 18.38690116176078 -1
16.921087923250727 13.170892468904414 -1
8.937208933656828 13.291027054549327 1
5.218273414899008 15.937960593124401 -1
16.953298077131244 17.95520604949965 -1
1.501939651344113 17.163526765420105 -1
1.1955043174294189 5.569968725097394 -1
0.6873210131509988 18.391266617296655 -1
3.8596143938194816 7.1932974296988235 1
17.999017846555503 17.996976528993862 -1
7.532122076880552 13.388753472371782 1
1.2444412354389955 12.80073906783609 -1
15.18109986723898 10.003369217333145 1
17.719219074180234 9.789259108952917 -1
16.257944928488033 17.110262618545867 -1
19.0002126619522 9.112407771367677 -1
3.0734962104092123 10.27984872518987 1
15.574377400459143 3.2127038274850905 -1
6.41900160259061 14.506538984979871 1
3.092579242316442 11.870596038593781 -1
14.524461874670095 12.147692506423958 1
8.83037700144353 15.670074543271522 1
4.172588823445813 0.4226223930079742 -1
8.250626455550629 17.024579961427925 -1
12.901632847912234 10.73813200967777 1
8.045263576817876 15.601571215093816 1
3.440071487270535 19.8215814232642 -1
12.668623325583269 13.672397451598409 1
2.123105086880246 3.765206071322047 -1
6.169359868993225 8.239785842193728 1
19.561605470545093 13.311536141810304 -1
4.192703366793859 10.263607388504731 1
8.902799056135128 3.1293944069405355 1
12.764682603651833 11.747747130958135 1
9.691259372232393 0.930864590170486 -1
8.23734128534091 1.43556994028317 -1
18.582926961598154 5.35919282321216 -1
19.192210510953334 6.103006652531819 -1
18.190786753655285 1.3225714793183618 -1
3.812253951748237 14.748947946272287 -1
1.1740857256129278 1.5656709848116668 -1
13.76547009742657 5.356931430535008 1
2.710040639254523 16.169352543836634 -1
2.2330289554209926 8.5697923954537 -1
11.841814279494079 1.2071320005154051 -1
5.489852251583396 2.604323689646153 -1
0.2023050091603662 1.9206507972926334 -1
12.91597763263545 13.182062065279691 1
1.8095081737716034 8.10358930135349 -1
10.922208038169634 13.405897421393993 1
1.6106575088688535 19.842584563203847 -1
6.088412146334066 16.94072888885698 -1
4.698801563038344 17.180482957139425 -1
16.08996562902241 8.477992515000341 1
14.692118643097942 0.9529140099346289 -1
13.149742956626936 1.0354468503547753 -1
15.604358326971264 7.4258541090083074 1
4.9200758396434825 19.623918955846086 -1
12.97650551442619 0.7208392878420011 -1
0.3875184449594382 7.25892061570371 -1
7.098360646058484 3.2273547848085027 -1
16.09129820623315 12.41790749078066 1
2.842281287825117 2.7207327011490623 -1
0.43665999246009113 18.600121712394415 -1
8.244043623387785 3.3107640333784794 1
15.425148983767109 18.71773237409563 -1
10.593711335276188 8.207927252819282 1
13.62109879689039 14.269985185649979 1
14.902821716311639 10.0156024044088 1
9.623193078605789 5.1237818974381995 1
0.7342008341542017 10.705248750415272 -1
16.880153560519766 0.132654209288825 -1
7.333159954968044 16.60255744273507 -1
0.24186731474980627 2.4912825502397418 -1
14.067942714186428 1.4607117047074314 -1
13.42869127516854 13.274116271443429 1
0.8505843286988224 5.111519407380387 -1
10.29740621489914 4.644067333427566 1
17.713397941171007 15.519890474832325 -1
5.855106981303879 16.10243008631578 -1
9.188318019985704 19.233495213919063 -1
17.20804193108835 6.456778497918549 -1
17.87388727578557 3.029395890061568 -1
18.84993143424905 18.21192728056643 -1
4.420145954508136 5.073076151447776 -1
1.129569709425906 17.202860658447513 -1
15.511516439113587 15.327348193921955 -1
5.644726500965058 11.550200846555427 1
15.231926556209835 18.255933875429356 -1
13.887709620288808 0.01862553246877674 -1
18.981987002007752 6.510287426481842 -1
11.85524064133157 2.10165315756464 -1
5.057927243799956 19.394630759527157 -1
10.624902862366095 5.004045534749619 1
16.104104770814388 8.224035116485787 1
0.9484656554332749 8.19337655987747 -1
2.9898841441921786 4.936440355172564 -1
3.040656969799451 4.800454617282139 -1
2.279603104750063 11.541324977789758 -1
10.974270826922261 17.01183493834328 -1
18.37524711290108 12.472051629920868 -1
11.55555344045692 13.6302602293675 1
10.386149814092073 16.648637769489987 1
17.298565097017413 18.994949589440257 -1
1.1997641553139804 1.4755311641599156 -1
0.8882212360455521 11.309069171786398 -1
19.744846806185137 4.206408501183692 -1
12.088376302650541 16.143652294765293 1
5.1571017809010655 11.88901989484541 1
9.780904272758402 16.52141886543429 1
14.19418451736096 13.303448761217723 1
11.637172017553185 10.236280891837978 1
9.324703190506991 8.625509285988946 1
16.39439548362247 12.845369922400476 1
12.978159512219063 7.173596120876626 1
15.340496837105896 12.90399548244564 1
5.8889277237281545 6.548110421829447 1
12.422420560271437 14.930521314426851 1
6.284769031226391 14.544869334114184 1
9.514834255963434 8.710863735680675 1
10.454576321847043 6.074317936050118 1
10.520421595064196 10.923131688768322 1
11.049413120664731 3.0927181162773287 1
4.820765096975881 14.01655515386899 1
13.130585838181965 9.171990811560669 1
6.452541960072022 12.295405726189141 1
15.263971159236272 6.574064619793461 1
13.475193152513324 7.5565603180172 1
10.728760498305288 6.905215544838452 1
12.882497948694366 8.322796641084793 1
7.510550082153751 5.528879618603022 1
6.187477672654422 4.600233979587904 1
13.171261589939578 4.0199449069308635 1
10.186418220474264 16.82249830864755 1
9.16358004795149 11.070297701638944 1
9.242720117854233 4.580843396029364 1
15.96064505825076 11.414077556573897 1
9.988429013705098 12.9719481154759 1
11.678911521759387 10.880153237108104 1
7.225490173988018 4.35235197634327 1
11.833974460213831 8.078988056578504 1
9.460640841543487 13.611348849281779 1
3.8764524397396594 8.846954414077285 1
9.259350624779492 12.313874455496919 1
7.038353083725317 5.673061021579466 1
12.794327932655738 13.27603931120918 1
15.105552399725868 6.3173840049024115 1
10.974313496470508 10.656912858013426 1
13.44175850267458 13.381372350410434 1
10.555036778249537 14.958190086035515 1
13.940484673204033 4.946583928060109 1
8.569050774615398 12.585613677094337 1
14.928897094112866 7.961317605720211 1
11.764874986771787 6.949314990391525 1
4.386272274051666 10.800050194048003 1
4.970703434617267 5.506218883007861 1
4.524732284186084 6.005325123065523 1
8.346251366344298 6.77916140909975 1
13.84413289861299 14.637248399115366 1
9.742728578509976 16.63588972381274 1
9.254937020066105 16.916390836359902 1
9.448462491906122 3.32957190925248 1
8.032719250340712 5.730974136480198 1
9.288208721985605 6.400910486477396 1
12.196240878147215 12.10809411967462 1
11.977179645942401 5.980839162053844 1
9.877324342605174 6.598819847518866 1
5.457984390474639 7.714841390967109 1
13.794933243017722 4.186324516222584 1
10.557668578833434 11.016629700253635 1
9.634762506702625 15.735696614295598 1
13.772816795760733 7.9967226741900355 1
5.144051067514908 5.898906557750325 1
10.475430771875017 13.331492111758825 1
11.085331817077888 7.771815307031176 1
12.166817421576493 10.967351675280808 1
7.284106946125897 4.007116619216696 1
12.896954045148368 10.005688636259826 1
9.837683942476065 11.65608441685674 1
12.974530199036563 11.225678286788312 1
12.439989166384278 6.309471424681763 1
