14.379667486976011 14.302582045603323 1
2.892014243993637 8.302698563583718 -1
4.604611760000208 0.004359919233942744 -1
10.594998788606809 10.606468605079982 1
17.37703957063101 13.752601728228735 -1
7.409039466408811 10.045326078721878 1
14.588738324729727 13.977507617012083 1
10.344199557530327 3.733893781827511 1
15.8939473457041 13.250522789741385 1
9.861469668690944 8.700919711097884 1
17.75253720598301 17.71956295224266 -1
19.823916455487055 2.495292284507842 -1
6.931237710713695 9.702759227691796 1
7.517549296787429 19.563213746248977 -1
19.298870272487008 6.896092797656412 -1
16.19220865609031 4.3821761427205015 -1
17.221411024784796 0.27112609156738854 -1
9.253805462171613 17.302673567103046 -1
1.9244687266747063 12.15676216002433 -1
8.085689493746317 7.083928038273974 1
6.474055407656458 11.460428194536078 1
14.921731664796265 11.196172266774575 1
0.6412350264456546 8.32739682914504 -1
11.737695742693683 15.447133749863573 1
1.3807316026646865 10.548512701601435 -1
14.849654784449726 17.53821874124377 -1
8.82072138080237 15.196737358541787 1
6.304710685982036 8.785489260383383 1
3.445567168870871 7.144252489400285 -1
14.406464004531493 8.715159173347939 1
6.610199276935607 11.207765780065817 1
17.592538672202135 12.248791214543793 -1
2.124734585031831 9.672458042096984 -1
6.392132097309114 13.253903404947176 1
15.982809448359891 18.533562237702576 -1
7.847540031709562 5.354785241716873 1
8.26455075150471 9.644167236841678 1
15.628135876122037 3.9840350762941124 -1
1.7256619349292923 8.220176467815538 -1
13.559342182875469 0.661236338290232 -1
14.279511124702251 19.521673722784172 -1
12.053901246127944 8.045210916241546 1
6.210420231360216 5.333778963823255 1
8.484422143383208 5.045952851631537 1
11.915464058374937 18.918821861775687 -1
10.046662547994124 14.603096782020181 1
13.73802819867738 10.251941962686482 1
0.8808350745871096 14.455036364555912 -1
5.167874694417827 11.663719319363558 1
11.89484252023647 17.881169201668328 -1
16.708949164225025 3.815806157300299 -1
10.872454825615973 11.265517291595495 1
8.352902460928187 5.031210129977277 1
11.129453672104406 13.626640155023981 1
8.393321098698621 8.273627313440556 1
16.164918628003903 12.539771236854795 1
0.2170324388338396 0.8836896836237407 -1
6.789169845438742 1.9496607728267468 -1
5.3423623634197455 11.18686520455438 1
1.7357050235156146 0.2912899914752276 -1
18.742843582347135 16.112404688504807 -1
17.90839482913973 0.07755586533265246 -1
16.81131678203107 11.091727259244458 1
13.799063179594228 1.190156802389255 -1
17.35441236826425 3.8463225320262473 -1
4.501900191062312 5.785349303609555 1
13.384468305018107 14.92398529280457 1
6.188510173127709 4.633249847953946 1
12.341224631157777 17.3034964513612 -1
6.357974958757442 3.9233802310377475 -1
13.44190149959685 17.364419511276786 -1
3.938703941450943 10.8705265011952 1
16.920289539911582 5.656198459075943 -1
19.84503862612898 19.11430395446653 -1
8.667225779833931 3.1706176552471943 1
3.8987947984207127 14.762236137469325 -1
16.652158623953156 18.107227483619297 -1
5.167060965774786 15.215385186886303 -1
18.875667538730706 3.3458548761449958 -1
0.5920164957378238 9.285988442598773 -1
10.49098586680828 7.75500521016421 1
13.960474376517853 13.84749903256596 1
10.844104443551494 3.185017280863458 1
15.06794885620138 7.985138560613638 1
8.04202553805137 9.558418346404585 1
3.276973554912934 12.981003059047293 -1
7.638497228383638 16.454042161183477 1
18.730510626589407 1.5416969858512086 -1
10.84155707874019 17.731930504951197 -1
9.35283934615358 11.995845036501828 1
19.08536958937969 5.720062864873324 -1
9.4570104519726 10.370062444943146 1
8.860478734919791 6.231786924178444 1
17.132577546208864 7.984576692794654 -1
5.714458999046355 16.61505846460251 -1
7.929070452012468 1.6025291932708252 -1
15.55717157417762 1.330816716744323 -1
6.156228515531641 8.921682537718695 1
13.485636317890737 15.948214875080248 1
9.627402278332571 5.591788405291793 1
19.112287506069816 14.703537398918867 -1
7.472567830086336 16.75511600707535 -1
4.886978717195671 4.872976688640625 -1
14.981988090884034 1.9190432446977401 -1
4.666233731329137 16.348328982056795 -1
4.4507437339891975 19.406915769014958 -1
19.465612750062146 10.732036374961568 -1
3.495345896567583 6.78103363216068 -1
18.78820392106695 0.7916177925998658 -1
14.055250438838948 3.28912882831093 -1
18.183390986024687 4.5716378355770555 -1
12.682528973632063 7.425572900727078 1
1.7176214792275912 16.87687713805258 -1
4.36141193884827 18.97953136479558 -1
11.9656900527807 1.7857669913908536 -1
8.590947778005757 14.090756481710663 1
10.135416707931332 0.7078567638257294 -1
15.255953662386254 12.165701212925494 1
0.41387794890253904 2.424690204734037 -1
16.10426811901067 1.3228123936896963 -1
15.540747176907317 9.327329672586288 1
2.2189074734541503 16.108247553202663 -1
11.81268824119806 15.723506408290529 1
9.700107823989246 17.729369496646097 -1
16.947143058867237 6.455025288558618 -1
3.902207045568289 11.992616232289945 1
7.128500436966823 3.257998818213692 -1
1.6398772483833968 16.928476038726888 -1
17.410734548549772 13.80617533720525 -1
17.305351925205105 9.97917076966862 -1
18.22619131862473 19.0853772228739 -1
15.394183398012174 7.578797781933626 1
14.653444469491978 14.852249236911156 1
8.062955605180402 4.025685601795597 1
3.6461089125963664 18.962377678269117 -1
10.800185433188751 13.11303056448011 1
4.238721736720461 2.475556565594337 -1
4.002466700801605 17.286567420339583 -1
5.578481880948003 8.670583374939289 1
8.309277287114337 13.133301006129468 1
7.899264016001046 9.90584188887343 1
15.84042866286451 19.339297496256314 -1
15.138377674909869 18.519377719741613 -1
16.549898046095176 2.2341869788888413 -1
6.111837529995823 3.1974904053749986 -1
3.321993607742828 1.312330225778322 -1
4.176170349778201 1.4603333422869014 -1
5.684086622931879 14.683609763284483 1
6.798451564224468 3.672786790477094 -1
1.0833671987772786 9.610947488601823 -1
11.731258493215513 17.6086511946113 -1
5.981084230953466 8.952034575377116 1
12.647696536493317 12.181988269988551 1
14.060050383286725 0.030669660371556162 -1
12.815560718468564 9.062538928371755 1
15.769330500277634 15.931033184267854 -1
15.396354989801006 10.560893176755803 1
13.596705992219267 18.31454369032113 -1
16.7551539337623 15.328672062491243 -1
2.3951405862723996 19.541999338842547 -1
4.810564036995482 12.588958895326305 1
10.168935159826024 15.211929859142847 1
1.860209542618747 9.855910554203692 -1
0.1126083175993342 1.3615415336645298 -1
0.5227151609473291 18.600817911718345 -1
17.79781973629244 14.214534367957523 -1
11.458497183145175 13.61421421588916 1
16.4559595278291 11.252366628876572 1
16.962473498435124 6.752836191362503 -1
15.034961667513587 5.671047160251986 1
16.725921065503375 5.109059221912286 -1
15.353598600224496 18.553961803652733 -1
7.436912579626576 12.840736900471459 1
13.47154313268782 9.756026737597862 1
12.147961193267067 7.266109485582053 1
19.69403014950351 12.002478052258665 -1
9.561846853079912 15.437086293791236 1
1.7210468182941652 2.116160945660548 -1
19.635438472171067 17.766328827216107 -1
14.218547396988024 16.66705714002579 -1
6.6181911482340645 18.013184741914415 -1
13.363431401227459 0.15742074988265298 -1
13.195587958071581 13.155490190006534 1
19.00910850726627 10.30686362159823 -1
16.456847454322407 6.228607206334605 -1
16.26521408743881 18.777940072910045 -1
9.029695286591553 4.1827640968252595 1
15.16339972028624 16.136804062281087 -1
0.8664557486413149 17.670159324377323 -1
13.267404516537303 18.33270889181042 -1
16.884451819420846 4.039013690348741 -1
3.749900184792132 18.687928134245062 -1
17.707520337361828 18.41334057665663 -1
16.495682264882653 2.8679600397125826 -1
13.409359203219793 1.6878198379965492 -1
16.442859295284478 18.6492216779511 -1
17.317491076952248 15.976106194191626 -1
10.648524623060766 2.38320251318487 -1
8.330430340000714 8.747202843899839 1
0.8075340384237983 18.329386132726125 -1
2.571470322869429 3.4055262357544436 -1
11.710129127159854 2.4485653790020634 -1
15.475624167776896 16.711520914385463 -1
2.015125127190134 9.342481015089547 -1
11.822413267841625 18.50753964606888 -1
1.5050776101208663 9.037148019628276 -1
5.766262711436225 4.64973105697103 1
7.431768987431573 5.036930978495322 1
4.820635011716954 9.260790511941417 1
11.31277691617858 9.782343768714055 1
12.107348605917732 2.879086725531521 -1
12.174032827708253 15.83584766768243 1
8.349824492563434 15.647961782611066 1
0.6016521029592581 19.32523844504874 -1
12.241448976201756 6.3133577305782 1
13.391179702254503 15.75130158417197 1
7.040061951091037 3.517249276805814 -1
5.0196264058087525 15.419830551183278 -1
19.148098898490456 17.171787500259562 -1
10.1559172419502 3.7173919330032534 1
19.396437494299384 4.594799461031682 -1
14.569422280982744 3.256011081533312 -1
16.787608486137795 10.771425829646113 1
2.2146091202710627 1.830985258334339 -1
8.89176766218132 14.287915157583676 1
5.000227936645604 8.321459052314788 1
16.245744473771378 2.172828961361728 -1
10.88662024530083 18.92572608525551 -1
5.470558323170036 19.76776034293615 -1
4.162529496620606 5.320717033566764 -1
16.208559597649216 3.274578136427644 -1
16.345174947659768 4.336133631985422 -1
1.2971604151730087 8.953583396339235 -1
2.463439106906933 15.128319370319277 -1
18.666700319131216 7.980679689554315 -1
19.042834282928542 17.977022952330515 -1
18.83388503092138 5.5458481908347395 -1
9.096556660119921 7.066407460023358 1
11.375712049242994 15.602344917469196 1
17.555216391804016 7.497204151559192 -1
9.689538993941778 18.509385933332734 -1
9.754913189375344 15.175815908327 1
19.515557942586945 14.845102549931422 -1
2.686496723644478 6.151237548599169 -1
14.391973277064192 13.54506815124352 1
7.434012711031954 7.800021805893067 1
7.296938882902193 15.063799330202697 1
8.994635568640323 19.552355927469915 -1
11.690799958933592 11.612397914355695 1
18.33609904290022 17.586941536037095 -1
17.99955587266436 4.504524609795397 -1
0.17371075934826008 11.313397491600892 -1
3.9227012929880223 19.204554326222794 -1
14.616151134725241 10.294399140702868 1
7.03648587283781 6.734309721811531 1
9.62706059625557 5.030343747471835 1
16.80593639302947 16.822182825722976 -1
19.448784796995568 12.20905012310903 -1
14.535579928281742 8.659142917526239 1
14.193282356549089 13.223075624476177 1
6.692401734709339 0.2724388100029884 -1
16.75236882051411 9.617942737493113 1
2.624358198810348 15.72922098136926 -1
6.591564584284775 0.9014609781399296 -1
9.440017254170506 8.723795789761992 1
7.0376021458730476 7.1787075367874476 1
4.859764148690095 4.1200624695480315 -1
6.925278113427289 5.325623130329169 1
7.6428760141811125 19.23668231105016 -1
9.603138370123848 7.804171451266175 1
16.618243993781945 19.164355147803295 -1
19.472063612202042 3.894747366942437 -1
19.638108213813574 18.276369327465527 -1
0.6714883514934655 19.3479513840324 -1
7.3988395990458695 10.372173847416665 1
12.668500603794133 7.38961970620082 1
1.8669103401112452 18.271315570020338 -1
11.205034711911008 14.738484127578815 1
13.567658338126051 8.99432489967808 1
6.62290132355277 9.96737525394231 1
18.80689579491356 11.241447171612009 -1
1.6503284741263302 5.723174930539503 -1
19.99946515144444 2.0140285935696944 -1
16.889257307726297 14.27461084192757 -1
12.480245561863432 17.928805550102965 -1
5.394152579585791 13.056240457525561 1
14.436438601792679 9.894385650143358 1
4.68711576162592 3.328704797040498 -1
14.113720835412824 2.7452393288446797 -1
7.949333921576869 2.194049729662697 -1
0.9858125920616789 5.24691854459185 -1
17.802340959503248 15.479027459522982 -1
0.8644258409049965 18.2170078025739 -1
14.134548626236507 16.721791254915964 -1
19.20077636328252 2.6006905998207164 -1
9.107039796612815 19.418945864334997 -1
11.730583110418086 9.927572476065896 1
1.0333707881941723 19.014664605792834 -1
2.998297436326227 4.392477563872195 -1
14.87179492297608 1.6140568653122789 -1
14.869576638857067 16.226261111227416 -1
4.548746788087512 5.029404041411302 -1
2.8661556535929833 7.767711129660753 -1
5.656743106784365 8.670445938897194 1
14.8520636682046 6.538007628546181 1
19.97605936562493 1.9623093895176558 -1
5.353378598041916 17.542636892521134 -1
16.405272863622642 12.810722478902566 1
4.443866581708329 10.981213138895143 1
12.379011469354044 15.481210081880235 1
2.7104125590899475 0.6199964020010351 -1
10.326271244031936 6.367315277991841 1
14.778371565604475 1.5295491715359688 -1
1.6087551868954564 7.71429913633864 -1
5.441789435547848 5.119361629924182 1
14.023853074707697 13.70193702650333 1
6.503316869747556 13.776973720205103 1
3.421709549574763 1.2793090663770768 -1
2.6300775970438317 3.030086338094631 -1
10.979927220811664 3.138960282736718 1
15.180166685333356 2.934456650213515 -1
11.527394504748802 4.4737672444363525 1
4.374422123725921 3.9935661815650225 -1
12.037230213932325 7.24408823868433 1
4.046553790790599 12.425438111190765 1
3.7328066403350424 12.281857470611843 1
1.6083110853841776 15.067200574295201 -1
10.679172154209288 2.612294896598988 -1
9.518360832006076 7.9826267057018985 1
13.522438084025401 19.772277091553274 -1
2.0330924172595832 10.668868732370703 -1
9.806494595795147 13.044734540335421 1
0.74250213825513 17.913971100069833 -1
14.347040169606636 8.284027672115455 1
6.73544516739738 11.846351077846002 1
5.629663198079866 2.959157690418286 -1
11.072563959000146 10.581506231033082 1
15.327200784518375 6.641906217071202 1
12.549388149254286 1.3705927551497465 -1
13.830453882553496 19.398754055549936 -1
17.044306657771166 8.614773786934464 -1
7.862250502516179 7.089284316817627 1
0.6665681363165255 12.231349323718508 -1
6.815354251746603 16.661810701899316 -1
8.310092465519649 0.4169720698203583 -1
16.02022328434709 15.155170447432775 -1
16.919556011202793 4.102567053462125 -1
11.1867529245458 4.085592948436627 1
7.974187732676395 18.568064817952074 -1
2.4997048423905133 12.061821018595207 -1
16.07220578925632 18.20531993519619 -1
8.502429850259695 9.771351801001538 1
7.6989230500942245 8.223835495727512 1
13.344423850596229 15.2532240694996 1
8.866733195993664 2.6124946770661284 -1
6.3104253536492365 11.925028670974116 1
16.110363211495272 9.212183937078963 1
15.41894916059042 18.3891271681734 -1
16.80268433479284 10.4875767109019 1
5.237049291928566 10.591345755704499 1
12.849025104548407 18.247348922493302 -1
6.445864806815809 2.6100916555821163 -1
1.4744028384947905 1.2698011463360626 -1
12.858384574970964 15.543823612110842 1
3.913789167385333 12.996495296079395 1
17.063846012042244 1.0054568118266038 -1
1.1318229446979822 12.04648120440587 -1
8.14453741623144 10.800266258491991 1
6.521940503158712 7.89522132827379 1
16.282390163114403 10.913026468097474 1
8.120447644608198 15.042387669014094 1
9.884561059089854 19.733446105287975 -1
8.670074466359116 7.1035563526189405 1
0.41715856992274647 18.870624766678915 -1
17.583411024747868 3.8235463141049775 -1
11.693124577277192 10.145311874781973 1
16.88480647060899 19.99762528509888 -1
13.024381946909722 3.4809175574933304 -1
9.348177442865564 16.396868750063945 1
6.052514615910594 17.496689958061957 -1
16.10767974045505 10.73448412483992 1
17.603517832567285 9.68359987170693 -1
0.687644012829125 15.67901210972304 -1
11.252127397988849 14.313491080029 1
0.1308065574956485 9.266792434876665 -1
13.048203754243708 16.14680803457694 1
17.2175069350585 0.7176690114164552 -1
16.453597723870466 7.459682832993291 1
0.20332611449642046 15.670153238269751 -1
3.640574127274019 18.80649886482413 -1
0.3993693779297547 2.9551359090868745 -1
19.968360420271807 0.009637490355551837 -1
2.7783859545353518 14.661385735296328 -1
10.830125193747634 19.041778214153055 -1
13.14998103591957 14.315985948281625 1
17.773791379188502 8.005623828590785 -1
7.649470236080016 0.8161671088485711 -1
14.07250372375854 18.14902862869922 -1
19.039282691919077 19.098949582067995 -1
2.201358984243571 11.268734749645485 -1
6.149708854709061 11.010541124248153 1
16.517250140700657 17.355709467048534 -1
18.74682283319736 7.947270407924831 -1
18.009686556026352 1.945597301851263 -1
8.163786978376635 4.354965401516974 1
16.69909581813971 14.868540339363033 -1
1.5014071454848565 8.065218745194379 -1
10.381392427158495 3.1063887193749617 1
9.287956370879646 0.4074967483458747 -1
9.814630880137049 0.6856673405565372 -1
5.530085146967916 10.551780170815114 1
6.849032781385427 16.048396844573197 1
19.93187922852875 15.355829692976275 -1
13.916203313133131 15.117135355052984 1
16.53903155085499 6.067120741015062 -1
16.331990635050136 11.894809134775947 1
5.033382068026642 12.709499876663681 1
19.54255552184659 4.8557269863209385 -1
3.0769418839569673 1.2330090082647116 -1
12.768060022233747 11.143985796593519 1
18.30880425350793 12.590576476005026 -1
7.2259373975236585 13.130521458592764 1
19.449609345345923 6.373422662917772 -1
1.0812054470803312 12.210164542774343 -1
8.080162847770024 9.27727186777252 1
13.960676140182395 7.367244838102116 1
7.710782348698846 9.848927296995964 1
0.8465721749508592 4.863058451044687 -1
11.893625130200947 9.83943363179465 1
7.636122665095173 1.0644881343847001 -1
16.522432943478986 4.080368475744496 -1
16.80817756281991 18.0971297521576 -1
16.567452146635578 14.690245909496323 -1
0.262176975145878 9.391878062580101 -1
19.53894054805677 5.545535463878563 -1
4.085028299776976 4.641296467053837 -1
14.071680037352582 4.179308790699999 -1
15.737483518167375 12.224099091893576 1
15.179997848901174 10.594996125359335 1
18.23767986338336 3.549119439131161 -1
11.132268230350462 4.213302832127946 1
10.861964064551037 8.720994364836685 1
9.544704656829206 3.9065924350387093 1
4.583120931043783 8.358845998811876 1
1.3021556887619257 0.1277355141178549 -1
13.800775043955547 15.305720581078738 1
14.467458393970777 7.5195506959296505 1
2.4277309139632286 16.72929909234148 -1
9.813394306380607 6.634985972365312 1
10.478995491109185 4.98971003104108 1
1.893737645981246 10.372858943795986 -1
3.960766610793327 9.496042796403943 1
0.8625599350199309 18.306582310307377 -1
12.401836293190652 1.3447978079849632 -1
15.118650051357 14.624263852850223 1
0.9565909783831095 11.464777249157965 -1
3.358881510537177 18.637788633383177 -1
6.050113838382094 17.45361227582717 -1
15.358043402182807 17.189551984252766 -1
3.810590955104376 19.813775985639694 -1
10.36630169846006 8.212453235266974 1
10.939367971673956 7.702862152390386 1
4.026405439905747 8.562286393419857 1
16.390450650121153 10.154190483233311 1
16.588092573141207 18.538085930394615 -1
10.769417059922262 17.97851230519887 -1
11.498711809296028 15.484677572308478 1
7.847774306781705 3.807720863370525 1
4.708073958253665 13.615728714455777 1
16.262960576512928 8.896743164481789 1
17.669588598078537 18.537917228201618 -1
4.260030720172397 14.393936111072861 -1
10.140166785837938 18.610799952721997 -1
13.814514692830059 12.004349968110755 1
8.895550521654448 19.618394277366068 -1
1.1590245350732808 0.6019493609309245 -1
9.503523162247786 13.551766802278225 1
4.741332219886565 8.75654879316506 1
1.102865166021496 3.528996443064192 -1
13.505782033107279 18.31828824749959 -1
18.239004285985747 17.965353472736872 -1
19.084283938430417 2.384431025371765 -1
7.411657897529029 18.850732103263155 -1
3.7078341971148854 1.6097464388560145 -1
16.367072654953436 19.252288469690694 -1
2.4321111198866885 15.825345507432125 -1
8.183624677318432 16.624617562427517 1
8.476501943231874 3.906387001365834 1
16.69656990018288 8.773126165472327 1
8.236242808291966 14.772939151987375 1
14.991080732415224 7.387769081035471 1
5.037197467704704 0.7976750766699947 -1
14.555492833171002 0.5242734859262965 -1
4.6971088484056995 13.278655709975366 1
10.80960523584584 18.12000339929293 -1
14.79993533156009 8.843305126971062 1
5.33649543231639 0.04888811561485129 -1
14.310468110004722 14.41769581135582 1
9.33682770866411 17.551279051146413 -1
8.400623320234343 14.35228740237278 1
