18.6031461577 7.22111504125 1
12.5484974682 17.2822520669 1
3.96451068494 8.30094543707 -1
2.05161771876 18.5577691004 1
3.84949405224 9.73199607522 -1
18.7417997593 19.7249085223 1
4.9285214809 1.17390806598 1
10.132204463 9.54883357228 -1
8.46858722025 7.56485011849 -1
3.87598420032 9.10968928512 -1
16.425367754 9.24336168858 -1
8.78001943588 18.3255995657 1
8.93736048943 15.1087622717 -1
1.52799866722 0.0355714670504 1
19.0221232633 3.40921050699 1
14.5613197854 9.40602785121 -1
15.5184393881 18.2422434431 1
3.83278827296 3.30017043856 1
1.39782815195 4.86546531813 1
19.8966996207 2.52117087172 1
18.4632122858 5.96285066007 1
0.214701584201 12.631616818 1
19.2394496734 3.64913359555 1
11.0296200314 16.5686284716 -1
1.494731371 9.87892828211 1
0.40414966891 11.7543408744 1
14.9195968259 7.72252101079 -1
11.7868523764 18.182976638 1
0.241312602273 2.3248119109 1
8.93499822652 10.849553585 -1
4.30260387778 12.6609894586 -1
17.2531177546 16.2479360728 1
19.0370484447 1.38902364452 1
19.5428174639 2.06870321833 1
18.3231132308 8.55447936582 1
12.756555821 16.2906767512 -1
1.81679303926 8.89958263303 1
8.15640865487 8.83319775114 -1
17.4279977587 13.0230621805 1
18.0122672676 17.5282574289 1
4.51146579706 16.5890046153 1
15.435976704 4.56002027407 1
19.3768716346 2.69101932815 1
16.8232745096 13.2366233105 1
5.71920235305 12.9721024981 -1
15.4768540116 7.59171336978 -1
17.8499864445 12.5836451761 1
17.7347320064 11.1126110153 1
4.50110021524 8.09863056905 -1
8.03594151131 11.7825668202 -1
12.0253396561 1.84635295872 1
19.2509293105 1.27508410816 1
10.0304858699 13.3975419706 -1
19.5978877551 14.0980098247 1
0.723640231805 8.90820118453 1
3.63031546766 4.76936261003 1
4.62845586473 10.8641968135 -1
7.09558668278 12.1849828442 -1
15.5323730402 7.33868134229 -1
19.7022633465 5.88153059745 1
1.73051846613 18.3292094886 1
13.4094775119 4.85343278103 -1
16.2332978846 13.4512464778 1
5.61292178455 8.35557097518 -1
12.4603560796 1.12481261339 1
2.40452316411 15.2251838309 1
9.72830542707 17.5326896531 1
15.9290642565 14.5340605381 1
13.9135472201 11.6461842411 -1
3.95688771951 17.3482820884 1
13.5179120089 9.14103170195 -1
10.2738096379 12.0352676511 -1
14.7987714235 6.40009536299 -1
19.5559558179 11.2775395122 1
17.5242467518 13.4136972419 1
2.80699070544 3.8442613958 1
19.136676767 17.0108185121 1
19.3320573783 14.5435115861 1
3.05187038769 5.50749873706 1
2.22371041609 14.9166354853 1
8.145349372 3.99195421518 -1
11.7475016745 11.9720618347 -1
18.8380235484 5.69044966332 1
4.44913009392 14.9059763848 1
16.2712134288 14.6882260831 1
4.11507641823 4.53554288407 1
19.8224368696 7.65934942181 1
0.635226007685 7.6437968532 1
5.31959555694 6.00740428405 -1
6.09986528284 16.042987155 1
16.2148322757 8.90217221616 -1
17.426801433 8.82144691114 1
11.7807157332 13.4061250166 -1
1.91872898953 6.37115912105 1
19.8604491654 0.299554655931 1
1.9000366182 14.0423822631 1
14.1469939581 9.70149259598 -1
10.5012245788 14.5061879392 -1
8.55472947299 6.7964374709 -1
16.8192527841 2.97699946141 1
10.7151622696 5.06662908225 -1
2.79539960177 5.50234934152 1
11.8039432337 8.89930522945 -1
7.36263657836 13.6459085393 -1
7.04082388326 2.91083335867 1
12.5929689522 16.6549079394 1
14.6797516572 4.22248537568 1
12.0321835315 2.85294991876 1
17.5795238521 5.00327627217 1
17.7194695309 14.1505087972 1
1.81851133081 1.42029044157 1
3.50353864079 3.38222025206 1
19.8925060121 7.32999615419 1
19.0969027056 7.80351546971 1
6.64205001826 6.0840977549 -1
5.99143805532 17.0466958446 1
17.2927834115 4.72287742447 1
8.21557446567 15.1627733348 -1
6.34515587198 7.77436614531 -1
7.02423658509 5.79694093856 -1
8.40473914103 12.9840462455 -1
3.75420843261 11.7830230757 -1
0.902203046233 8.00204993079 1
4.0776882658 5.87342297694 1
5.12240926191 19.3760800733 1
7.91522117743 16.1464559034 -1
10.955024311 3.20746124481 -1
10.3576480815 9.76908646524 -1
12.7989765507 14.6395591421 -1
18.0399356672 6.35348196265 1
13.7467833514 7.53068254008 -1
11.9227442087 10.2336596142 -1
14.2943372992 3.52237089513 1
9.770485459 5.03719025219 -1
9.02572012441 8.75379654491 -1
1.6914035427 14.0436863869 1
0.147536207178 3.19166976016 1
10.8216084728 8.10824294897 -1
3.4729781217 4.81899555288 1
3.43909917581 18.2172880888 1
6.46014891142 10.2765817808 -1
15.6098421918 18.1057416 1
16.5394574276 8.79485207953 -1
13.0119295706 1.59747035394 1
6.84207662034 14.3820677436 -1
3.45162465416 10.3365644159 -1
2.21509421652 11.0037249019 1
1.0170762793 16.5065455238 1
9.90401638644 6.15902324363 -1
16.4333533217 12.3031782513 -1
5.79087820837 11.0183588714 -1
8.42220977137 7.72914180732 -1
3.59187293403 0.060250886446 1
10.8782262605 0.248315397641 1
0.156535265551 16.219512643 1
16.9665315621 4.56527269639 1
4.96732749189 15.4993147961 1
18.717781278 15.7382904553 1
3.30870185411 10.97182004 -1
8.08752693624 15.5510422827 -1
10.3207402889 11.8782817002 -1
10.1108824149 13.9999846346 -1
4.27879873066 16.4385246722 1
8.3715076208 13.2537401518 -1
11.8714196602 11.4190751692 -1
1.79626662776 2.06075362591 1
5.05624813866 14.4870699677 -1
14.3624275093 9.33714153708 -1
5.86699474091 10.6476485056 -1
10.9851569312 6.34443721859 -1
14.3703667635 17.0838358186 1
12.0397932188 6.53964768496 -1
14.8263939472 19.3521890968 1
19.7723548994 14.1233164838 1
1.69798109026 15.8936090412 1
10.8622514284 17.7470556103 1
4.94421501667 16.9592351191 1
13.4977892236 19.9183845846 1
19.6481612636 14.3925131856 1
0.525761809432 2.7192720701 1
16.3179920294 10.9865871343 -1
8.16225314649 13.1582221461 -1
10.3863916488 0.286992649322 1
19.7849709913 3.48304709021 1
16.7723026724 11.6105919058 -1
6.31558388065 3.43065721959 1
17.6614493003 18.6223856705 1
19.2411940172 19.3094150759 1
16.7660053466 8.21202723524 -1
14.9798415478 7.11948573089 -1
13.6716352706 1.73572652077 1
5.66711623136 5.74786790686 -1
9.97422027908 1.97545627653 1
1.56748565929 16.7959300683 1
3.4788474256 9.49188150223 -1
19.6157003677 1.17607264995 1
18.0182324554 2.61168861176 1
7.22296438987 11.2720471959 -1
6.5864357724 12.508078788 -1
8.56055499161 9.91190398667 -1
11.2255526613 11.0859591574 -1
15.2939707203 12.5490516875 -1
9.12126481836 0.210600589754 1
1.92809397044 14.2732806544 1
9.96753351191 8.29626614742 -1
8.15010481039 2.66084764202 1
11.6453382775 14.9789707763 -1
15.5401976967 14.6258862682 1
11.2515337283 10.8963736095 -1
10.4391607567 9.09025189051 -1
4.94791080558 12.1328743486 -1
11.9760644599 4.43680262044 -1
16.3840996703 6.94650165103 1
11.3873567935 6.9361520369 -1
2.31597039721 3.63735238571 1
4.40760684001 11.4242617223 -1
5.93206905611 5.77036225609 -1
8.87194244708 0.857711735953 1
16.9539733418 2.24285146095 1
13.6011355755 9.32834755031 -1
1.53133847227 11.7820288178 1
12.0571748322 6.85378209151 -1
13.7870084583 8.51472850633 -1
3.18982899188 3.88989735151 1
6.42525072952 15.9341880864 -1
10.0273492845 19.7134042053 1
6.01344787427 1.2086683621 1
19.6724129383 8.37323379853 1
3.91477034698 4.30616505391 1
18.5789025824 14.8605247573 1
2.18509024869 10.6263027521 1
6.31739470833 9.79085154106 -1
4.29588741408 2.2973740231 1
4.33054321549 19.0584254094 1
5.79088080831 1.95189638178 1
16.5882051403 7.01273319888 1
1.87854744983 16.5760072429 1
18.0955462643 16.4214429234 1
4.0455986791 11.240433834 -1
10.689053017 2.94039939699 1
18.1990220209 1.6140253901 1
19.9503162102 16.7980705088 1
0.690504793447 17.8135811767 1
13.9769661069 7.36988312077 -1
7.08977492479 14.2525238128 -1
18.7570860507 0.0611943154301 1
0.135991296085 9.60178165594 1
16.8444548529 18.5453012204 1
11.8973064618 11.2947051542 -1
14.5917420898 0.487060746387 1
17.8628112436 1.8280703897 1
1.5620424689 5.44548607971 1
2.6656128804 17.6623064796 1
4.67861131946 4.81915785563 1
16.3839416161 4.11547523655 1
2.46766812938 2.51813862763 1
6.36785308996 7.91107072065 -1
4.06050847301 19.8921045501 1
11.4495871251 1.00193994937 1
14.2788564731 17.9776788229 1
13.8893624674 12.007642106 -1
11.9997684444 15.9878884945 -1
8.91807662914 11.289340612 -1
16.4374215829 6.53756363208 1
15.8333881411 17.7990450575 1
9.78667489322 11.0253972936 -1
3.99444867962 16.3030679717 1
18.5020120326 4.25423827338 1
14.3782652529 13.2807326721 -1
8.3315697346 16.6069696014 -1
6.67261264487 1.15271042648 1
17.369694709 11.1508297578 1
19.3638045016 16.581321649 1
0.177576106755 13.0691046364 1
15.2765777722 9.58887889837 -1
18.3201697257 6.28152291291 1
1.77563530122 14.1593354446 1
3.6770714023 7.33900219756 -1
14.8941015103 9.13952566661 -1
11.1829985528 12.7701710584 -1
9.69904020786 18.8194508071 1
3.56469635141 12.4717445337 -1
4.85015919894 15.0026426297 1
10.2768202876 9.54603570054 -1
18.3701746726 2.14861659158 1
1.92406570309 13.7440658452 1
2.49309408462 16.0764697331 1
9.97443209536 13.9223477564 -1
11.2348726179 4.51244326164 -1
6.29978449458 2.21635208492 1
18.4322659586 0.695346216148 1
5.53669278517 14.3649868882 -1
8.3483011765 7.03139414181 -1
5.70102228706 13.5720249941 -1
5.2193451587 8.37698815537 -1
0.0420484684939 15.3141923617 1
19.1537031263 17.8962826594 1
15.9933047328 11.6095404188 -1
11.8359817746 12.2774582039 -1
5.83285891177 5.50356334249 -1
7.68607837729 10.3950286027 -1
19.7373422689 9.72809082116 1
0.632154768521 18.0100623992 1
6.58381601999 12.8498519902 -1
0.917623912862 4.44669866065 1
8.90105882182 15.5642678418 -1
2.39251148991 3.77203453853 1
7.69662573152 11.0536228162 -1
14.2385010336 8.25765942498 -1
10.7065869951 18.8535031482 1
0.869736114588 11.4967951375 1
3.86207875255 7.09216913739 -1
13.6162338168 9.19886683205 -1
0.520407336947 10.3532753588 1
2.15697395312 10.7198201906 1
18.6735176807 13.4521424261 1
8.82984804502 18.985404718 1
14.1116457944 1.24418268185 1
11.3914416764 16.1183816191 -1
2.22959869464 2.56382170706 1
10.7719865165 0.525070515161 1
17.1820488268 16.3814221701 1
5.71590566108 6.32071078438 -1
7.35319559051 6.89846717325 -1
3.08491148429 0.822369952769 1
19.57223097 5.24556760706 1
15.3437620835 6.24246808718 -1
5.35309333758 3.87682174427 1
16.758602666 18.9487317221 1
5.46214546469 17.2581092266 1
3.2440425083 8.12321228223 1
17.5445344214 16.0618962113 1
4.27235313388 16.7908512511 1
11.4023089202 8.84974411212 -1
0.192404867056 10.1388780429 1
5.19354890405 3.75519609682 1
10.5831695049 10.7214484897 -1
5.90449500005 19.4726044697 1
15.3489399347 10.2410953631 -1
14.9709468263 3.64797954722 1
8.17923278788 4.49987839486 -1
9.56284992491 11.4104151919 -1
7.13737606134 13.7857097919 -1
12.2525531181 4.33470844135 -1
16.1374613565 15.1599932444 1
10.9448931263 2.1181815089 1
8.21236199984 14.5161025948 -1
6.80573907015 2.64992938294 1
13.5095531069 15.5080736632 -1
7.3223584787 6.19607850171 -1
10.2519178061 9.16264390312 -1
3.66998063351 10.6668736559 -1
11.0368420267 10.6514829899 -1
8.51837186861 9.33225390583 -1
12.2872485677 1.37824941021 1
17.4635695491 2.14836148599 1
7.65476085711 3.24995130555 1
4.65053534142 1.12663168016 1
6.14511414958 3.70682434377 1
15.8173690692 6.24918549353 -1
5.56783098732 19.35851452 1
12.5746810597 3.52806359099 -1
8.25616263034 18.42473019 1
18.204476338 14.3175401823 1
16.7639213668 9.72597703699 -1
19.1797577944 3.08332225195 1
7.84268823591 12.2841823478 -1
10.6425079183 12.6475827615 -1
0.547222635085 4.02502761539 1
17.8900615384 13.6499352561 1
19.5560049936 12.8756321335 1
8.95878582585 15.4621554856 -1
14.755938439 6.30579517286 -1
6.5642029669 4.0530566481 -1
0.648457375011 18.3952514994 1
10.6073428391 17.2844415765 1
5.17958247278 16.684472073 1
10.0220097364 5.11980057732 -1
15.9619592971 9.50330623892 -1
19.0058948498 9.16678721994 1
3.57171439546 18.7962377423 1
6.36700964479 15.4900309737 -1
16.2406279517 19.0105734015 1
9.90547981589 5.52329119619 -1
15.563414754 7.57715614565 -1
12.7053180005 2.46947320692 1
11.7399260992 16.3761109692 -1
2.23803585193 9.24537510049 1
3.94602296768 3.67262012326 1
6.34529741247 4.9956391352 -1
13.7673102503 18.2112227397 1
11.3655602583 10.1590197988 -1
0.355409375314 3.74116932292 1
1.0876919728 15.471723881 1
19.3307832636 10.0598489804 1
9.07543349757 10.5186026042 -1
8.86714305887 1.66006062528 1
11.4128441896 7.25177562924 -1
6.45890304266 8.6724015157 -1
1.26402069553 7.31890701212 1
11.2789600367 11.3472215545 -1
2.90647627812 16.5781459213 1
4.9975302992 5.86653257964 -1
6.96421754353 16.9336064158 1
15.8880560348 15.5165170149 1
6.14381068341 7.45196609662 -1
18.6737535843 12.5690901989 1
19.6419691981 14.6303727994 1
13.4577830347 11.498474736 -1
6.14441209356 12.0352355633 -1
13.6037094395 18.2972763724 1
9.39287269912 8.92902344818 -1
2.47190377295 9.24176734125 1
6.07448445654 9.34912455458 -1
2.40588079238 11.3047580464 1
13.9072739028 17.8734118534 1
19.069599135 15.8499973942 1
7.45428284667 12.4630001595 -1
12.2818235515 6.35899932372 -1
4.38276909816 16.9643471636 1
1.63514278547 13.5978634577 1
9.96288710697 0.80876886446 1
1.99918574695 12.7673714784 1
1.55323561532 3.13241121243 1
12.3593327479 6.55040937277 -1
14.2979457245 13.5985582701 -1
17.5845261952 0.905214104083 1
12.9436933795 0.234783040415 1
5.14629958323 8.40643894899 -1
10.6585447855 5.01458384543 -1
0.24990810144 3.16131197799 1
17.4546858922 10.3982665012 1
11.4226941933 12.1153021927 -1
0.726492335662 10.4152385555 1
18.3788199478 7.69689861364 1
14.1220731319 6.14421961178 -1
2.03133849539 5.38011502217 1
2.58684092902 16.7251839556 1
7.75608882635 19.5827238002 1
6.30619412705 13.5871178787 -1
18.3369809261 3.59819392681 1
14.8361661896 14.4461301423 -1
0.695843568801 9.77249325935 1
17.9957390064 1.91321046802 1
9.00593547242 16.2839625605 -1
18.9648837316 0.347334129348 1
12.2265706202 0.871501402379 1
18.8058300938 2.52697151355 1
19.5258549958 6.54928684902 1
7.25345190726 7.68570643021 -1
14.0592909965 19.936273733 1
11.3860504704 9.47507341662 -1
7.26821521873 14.4458789543 -1
13.7316857232 3.10010719954 1
6.68818953139 10.5022846831 -1
1.7719043251 19.7344052525 1
8.85084191609 1.70427988815 1
13.2230280802 3.39915502847 1
0.372135957907 19.9702700343 1
7.20336148223 16.915251723 1
3.99325097563 0.970955694372 1
17.8546741165 13.2131666863 1
16.6606657352 12.1220217169 -1
9.32722204031 2.76592894665 1
8.93637063783 11.3028072947 -1
19.1472163581 2.90926787945 1
2.61212168974 19.0777660612 1
7.22591561366 18.9454405275 1
13.9964344958 0.176922408286 1
3.66181884038 7.66919867932 -1
1.48711753979 0.385465211762 1
8.74453910684 4.76593399272 -1
1.59322852156 8.6122031817 1
13.9725470565 9.30582808024 -1
16.2898553675 5.44286717291 1
19.2516557998 0.624327394385 1
11.7040702268 16.0262905158 -1
10.8001016571 11.304938709 -1
11.2785042557 5.12210997645 -1
19.7165564516 1.61578069707 1
5.00311243591 11.1319947259 -1
18.4351565647 14.2830627246 1
14.8314943218 11.2694043077 -1
10.3932286574 6.21429418434 -1
5.04614816538 3.33495936989 1
13.5200933716 16.8637040753 1
19.477457723 19.3285142029 1
12.2365182708 16.5070014396 -1
0.293951696732 13.5955948457 1
3.3207558087 19.6106834399 1
0.685438738221 9.02483896629 1
17.0822943235 6.71377523885 1
2.37688125361 7.23113370711 1
1.70258835209 18.7104712963 1
7.96844477662 8.85061263064 -1
16.4812197821 9.77034891795 -1
2.88871869566 17.9951586839 1
6.63345630515 17.4866359561 1
18.4742930481 1.38466457294 1
1.23097925782 16.6030241143 1
16.1592486948 15.7885230958 1
9.8074960343 6.81222654148 -1
13.4794528838 1.28548570261 1
12.8645023092 18.4450135845 1
1.26149472496 12.6710261855 1
8.88011356919 10.2142008158 -1
15.0927341051 16.0209451186 1
9.38208996968 3.31464456519 -1
2.06307668089 7.10455555241 1
12.7057134068 1.19477944061 1
0.7809182966 19.0673134414 1
15.5525969956 11.5279725336 -1
8.2138696163 4.50871350402 -1
6.55423545753 18.4854175537 1
8.05630909053 0.229574196666 1
0.138327451356 13.8864851341 1
14.9165355053 0.178546634149 1
3.36685159716 12.7462654795 1
15.6691349573 14.2737569225 1
18.2806191671 9.40646746241 1
6.81085705157 6.27454504287 -1
18.7617415996 1.6735362808 1
4.45107843641 10.8238192549 -1
10.0209552637 14.9251544304 -1
11.9603201387 1.30288051419 1
16.9821023783 9.6713331855 -1
17.4244424297 6.54691316706 1
14.2508225222 18.0911808931 1
13.3443124301 17.7622778034 1
5.68094384812 10.8151638335 -1
11.1627465232 2.57201697364 1
12.3294869898 3.36692931525 1
19.1826243783 4.82185746116 1
19.273391722 7.46262071474 1
17.2254713032 11.2290267029 1
5.15295084799 10.8453712321 -1
12.3714719339 10.7502525355 -1
5.61192613792 15.8753023659 1
9.99505679753 0.676656196961 1
4.67717960272 14.5309017273 -1
6.03896162009 7.6737363995 -1
7.49379701164 0.200802857519 1
19.9761308358 17.6541318407 1
13.1769147929 17.3785189194 1
8.00153571977 3.72923368867 -1
15.4911801123 3.91324552568 1
15.3057157355 3.21551073008 1
13.0847634408 17.598279323 1
13.7263060531 4.40431798608 -1
18.9829972904 11.4891315584 1
17.3071341836 1.3079647773 1
9.39375541463 18.5375663708 1
0.543864494258 17.2543639288 1
4.82621875307 13.464635235 -1
0.0400543087515 12.6771681654 1
3.43773818116 18.6353719137 1
10.7748494588 0.275276794931 1
11.5530033372 13.4825663418 -1
2.38369419242 13.710048047 1
5.57035042933 18.9542520357 1
8.24635782191 14.0965755702 -1
10.3186113543 16.1602536257 -1
13.7856578387 14.595599314 -1
1.06129929523 2.03619057561 1
1.64128911345 19.8219934517 1
0.0984614885374 9.18519851973 1
13.9957154322 14.4947581173 -1
19.1967810755 8.40227202224 1
5.27135146317 0.239986590935 1
5.08661146617 3.36432790331 1
4.69973113548 14.394108329 -1
6.05004007144 17.0226760386 1
5.14101768197 6.53467353538 -1
2.75110429523 17.8751387727 1
2.72005670301 7.33355921772 1
0.571622841221 14.4585494237 1
8.66201343465 4.75764593403 -1
6.44919896024 3.20570137026 1
1.83863132198 13.9475483458 1
5.48190851986 13.8084172177 -1
14.9196637127 9.9250187444 -1
8.23232174163 17.478157546 1
19.8117239046 6.03036618652 1
15.729449738 17.4058070732 1
7.83352788259 17.2388755503 1
8.47570446745 0.168503830053 1
3.52717850407 19.5599667721 1
17.547286827 3.44678009298 1
3.71122351396 10.9691622984 -1
16.6006207582 15.1347583404 1
12.3406103835 17.8349502731 1
9.5309257708 14.4305614314 -1
5.64218031807 14.3865502017 -1
18.1081016736 14.1401957851 1
14.4617347857 3.88058353023 1
13.2607156512 9.66053968137 -1
2.88789892211 14.0245686984 1
0.877542505944 13.3118738226 1
6.24275041775 15.4345345495 -1
7.80712222498 7.08422864674 -1
5.53424165118 15.2045537398 -1
5.76155517846 8.9634928069 -1
8.1357886775 7.48453998996 -1
4.06429985324 12.3402013528 -1
0.432987853401 18.5772738958 1
1.22225142519 8.90485857186 1
14.2116271692 19.7838907066 1
19.7833600858 13.748392161 1
13.1283973465 19.2858124069 1
7.87968846326 19.6983874843 1
2.04501167015 6.09201529306 1
17.4968663393 10.2908193174 1
12.0915624403 12.7761314471 -1
18.4095795965 14.3603143417 1
4.12861517842 5.79119723747 1
13.338304699 0.627974835867 1
4.78314073945 12.5954779627 -1
6.0837659893 9.36998121023 -1
12.4214780816 19.0007717745 1
0.571876344097 10.6743452533 1
7.26767679441 7.48755330839 -1
6.59604793375 17.334219906 1
0.864905249531 8.10453163022 1
11.6082135345 16.1528412645 -1
18.2264418828 2.15957887654 1
11.3210006438 1.08835654158 1
17.9502633348 6.03827505949 1
13.8432831081 5.38299789905 -1
18.8908174931 14.0484424536 1
2.99323656131 7.10394790485 1
0.778188839413 13.3656847561 1
5.63960687728 18.4860162916 1
12.2394708939 12.6279984637 -1
5.1433440259 17.5310563266 1
2.59575174889 11.576569761 1
3.00261974506 5.20275817079 1
3.10210182646 8.950591031 -1
12.0160170036 10.5806947946 -1
10.3229197384 18.2699207369 1
1.52823294707 14.6594280923 1
18.1776603949 18.9087223752 1
4.29238997506 8.64998634222 -1
14.5112378948 3.14764045132 1
7.45544263514 17.6759299192 1
2.96964634682 0.431486003686 1
12.8782255953 15.0427575837 -1
0.894335382917 1.73665372705 1
15.5772998016 9.85936783092 -1
7.30062187124 11.8419293413 -1
11.3735762128 13.7485509086 -1
16.4365206435 13.8400917552 1
14.0986113894 10.3821849789 -1
10.6915798001 3.49733018156 -1
15.09945566 4.62932173578 1
2.79666127902 7.60260478697 1
19.6632981432 17.7149974292 1
12.013345819 2.41680162399 1
18.2603016826 13.9132950467 1
3.5387319023 8.87055894177 -1
5.11770041734 0.775442232919 1
14.1494122284 18.5868439447 1
13.4914714837 15.587802432 -1
16.1102074321 14.472450438 1
2.48806649653 1.86076821453 1
19.1382333738 19.0524410858 1
11.3421841062 5.27855082136 -1
9.41311657598 13.8240259932 -1
10.2380732156 6.38279628689 -1
16.4534103112 3.53179618289 1
10.2713809499 0.595685762883 1
1.52327843429 8.60294250144 1
3.69691958694 5.08684005671 1
11.7075309828 18.2925218975 1
7.23473697226 5.26545245647 -1
19.5847034826 15.2579037493 1
16.0875229137 13.7775673874 1
6.02598963785 19.8278303851 1
5.03544550835 2.77947819739 1
15.7218185708 19.309031485 1
7.81363988663 18.1612346575 1
6.30305689137 3.94842800315 1
13.2492479083 12.7781714327 -1
7.70882557101 12.3898984696 -1
18.9488516067 9.5499002609 1
3.77131864548 9.07636092556 -1
12.5410885266 18.6010180387 1
18.2833977759 12.8099665329 1
15.7894064956 4.58300004244 1
7.04809201271 17.6365528276 1
8.95775317259 2.44092768473 1
19.8391353251 17.8316331098 1
12.060379984 2.63233379093 1
10.2437573742 13.7839196968 -1
13.0062905066 11.8168657718 -1
15.6071754748 12.3969630944 -1
0.887906470548 15.0909699611 1
6.60696977613 3.05216348888 1
12.7393728171 1.53808525994 1
4.82817239077 11.8591787955 -1
4.57090150602 12.4092666105 -1
12.7128962675 4.76917106963 -1
0.627608574795 2.29096329992 1
1.49814287015 2.0143752306 1
0.582802649675 4.61447670244 1
3.79529576759 9.30876951427 -1
13.9596252962 12.481074209 -1
16.4902050137 12.8607118781 1
19.0026246993 18.185078123 1
4.15062008726 6.21825242484 -1
16.7253803377 19.1259802577 1
5.52572776344 19.1819076265 1
3.22472089018 7.89688740813 1
14.7844783358 14.7871902961 -1
8.79450404929 19.9407362548 1
10.3280883657 3.60015845658 -1
11.5684951647 5.19438699335 -1
3.46814011137 18.5033736053 1
8.64939735712 19.6297193339 1
1.83944142926 14.4700936417 1
18.7993621641 16.3648701321 1
13.1695661194 14.7260618668 -1
4.20213583942 17.6873231595 1
8.61176534659 10.0899241117 -1
10.9548296116 16.6388173998 -1
17.5166795799 19.7038291696 1
18.5804590885 12.7397532806 1
14.1137307819 10.2637825859 -1
4.88417047957 0.903449978759 1
0.242691902457 13.4354117893 1
11.5523920114 11.486222247 -1
11.803154271 10.8523278803 -1
16.7227340085 12.2716971655 1
18.5035525464 12.4802445239 1
19.3349312422 1.36499407297 1
7.29932781549 8.64105826162 -1
14.7431365362 6.10901532632 -1
4.69070156688 1.30160740617 1
15.4790682837 9.58875684533 -1
9.08076755644 19.8459150816 1
12.3439652237 10.2660943539 -1
6.08113446087 15.1435963825 -1
10.2177567439 10.7895794448 -1
11.1230069098 11.7739624288 -1
19.0615887726 9.01567336401 1
7.98036562451 3.28380747522 1
14.3100237336 17.5330926195 1
3.19657221138 10.5208777249 -1
1.55478723434 13.6366766059 1
6.89356833861 18.9236894572 1
14.7678515818 15.7210710297 1
18.3872586553 13.6760197513 1
15.7617958942 6.68502315305 -1
3.47144806414 14.0889809703 1
6.84012844374 11.2028077157 -1
13.188476222 18.0888353699 1
18.9775629199 13.6374014524 1
3.18578511999 13.2992643203 1
1.69427052193 13.4838176021 1
10.3548882434 0.597418279883 1
4.37316672377 4.03849524485 1
19.5551834099 0.460537758942 1
6.09772612465 0.473849358696 1
1.95308340591 6.87733797359 1
6.23169969577 2.79762631341 1
10.0845100829 7.77773425126 -1
14.9939986037 9.21057018799 -1
10.3790531471 15.3031845865 -1
17.099417802 16.5624705797 1
11.9631901676 17.9386651974 1
6.75444189537 10.8301147042 -1
5.68131450388 10.4032529608 -1
19.378407416 16.0334081695 1
3.59206716426 5.62099769754 1
11.3422797274 5.58502918244 -1
1.39598966443 1.87140747385 1
17.948383275 4.00013351382 1
1.1671391882 3.68235470224 1
17.039409093 8.86789453157 1
2.67063881621 14.3808440424 1
15.7388253637 11.4446195949 -1
0.86116746192 5.88225302014 1
7.46786957615 0.203327982885 1
7.294692032 9.30715727443 -1
6.8591806394 11.0569466276 -1
16.0367507076 18.8832786078 1
5.52997318676 19.1496449958 1
14.805595129 3.33205275623 1
8.59105892544 10.1171345392 -1
6.99831661679 11.0778537491 -1
17.4151969544 18.9617282074 1
18.4117194468 10.3225190637 1
15.5359831795 13.7521509463 -1
18.1054950051 19.3532044339 1
9.4640245858 11.3755187824 -1
19.7348531421 9.01425503464 1
6.57532424 4.71461401005 -1
10.9105096927 4.83567346988 -1
17.7076325409 6.33490088112 1
2.16133199908 16.1885348301 1
7.93140454367 1.80236332672 1
19.3001180251 15.447356282 1
4.14186385457 17.2155119256 1
18.5822463018 13.4551057774 1
12.8738364751 1.86733875341 1
6.215738418 5.12193406735 -1
12.9319230315 12.2621175733 -1
11.5297119823 7.92787325609 -1
13.7781738872 4.47433542744 -1
18.3854325368 13.077212412 1
15.1287227678 5.01338366256 1
6.87861631627 18.7768646264 1
3.1803442193 1.96388548495 1
6.66494979047 19.4590244668 1
15.9435842692 14.9605578 1
18.3905742528 18.2685549793 1
15.7441734919 11.9234506464 -1
6.70089151763 10.4143602761 -1
12.2919249703 12.5073075816 -1
5.34651542214 17.171457625 1
0.10033337644 16.3246378282 1
16.3464228644 8.6495964646 -1
12.7978762816 19.6537847618 1
3.66428170416 8.7052066427 -1
9.5256393214 11.5362125686 -1
16.9939506628 3.25588920362 1
10.2293849854 13.2236299866 -1
12.2074100272 16.9435689709 1
9.6708349841 4.27095533771 -1
15.6692719389 3.15027183437 1
5.64425450306 18.9249974471 1
17.9490772951 14.3061852167 1
19.9866951784 13.0901778462 1
17.8628896724 18.7747759654 1
2.40638023532 10.6547743104 1
12.6217970408 0.0781651587781 1
11.5384383642 2.32152776895 1
7.62721285531 2.2036810177 1
0.317282762163 13.9831242522 1
17.4113120116 1.22292718312 1
11.6923019706 16.4644595425 -1
6.10403617993 1.39630285519 1
12.5906452617 7.41679096932 -1
8.67209978914 1.60028994554 1
11.5199261887 11.9588258649 -1
16.091812916 5.77450474924 1
16.5939693212 8.96928568621 -1
13.5699756622 14.8073407709 -1
13.1256708645 3.59408620246 1
13.6501303288 0.510841081465 1
15.0529314503 6.97093587935 -1
5.21653141777 15.9617047129 1
19.4771231997 2.36376958807 1
12.5110955593 3.62491735898 -1
13.699742798 18.0634140151 1
6.51592403177 18.5266201496 1
9.62809790483 18.8768102375 1
15.0503056807 6.27530657626 -1
7.14238362316 14.6172705721 -1
9.02660169554 5.27061015347 -1
17.2797989713 13.452370055 1
10.2830114281 3.00367484208 1
3.21714683718 9.18451712383 -1
6.59085279087 16.2463391661 1
2.67337172769 14.5665916651 1
3.37958849792 0.237436787676 1
5.55076784966 0.445521971699 1
13.0187199606 12.4142354401 -1
15.8843491949 7.04546329653 -1
8.46216441073 18.426514144 1
5.67378843086 6.67712743367 -1
1.67867105005 11.5448005643 1
0.0646165605607 0.0360541889882 1
13.6148226799 11.5091819624 -1
14.506784199 8.39809430659 -1
4.25709818486 10.4670842696 -1
5.82425478695 18.0896442722 1
17.8445131537 7.29650688747 1
8.74057206811 18.6775633211 1
9.45491138268 13.7831129796 -1
3.83349132719 13.1377473194 -1
7.31937199462 11.1907706233 -1
19.683876427 4.45094269587 1
16.5540672285 12.0418359628 -1
15.7242503391 7.40043835749 -1
11.8088550636 5.73028444915 -1
6.86384636663 9.96481789275 -1
12.5285876268 12.5310954018 -1
2.92058135503 9.60780434893 1
16.0904341113 0.611654327367 1
4.02585112098 19.0724944584 1
7.21649584615 19.320742998 1
10.7063895452 11.7139408395 -1
11.6290089136 6.51112178594 -1
2.46118484766 17.421235471 1
3.44946458374 8.71983428457 -1
19.6784716941 12.7887553621 1
11.5281261821 18.9420541307 1
6.28779843783 4.5478634422 -1
10.5569886395 3.49034787997 -1
5.13052996421 10.7809758282 -1
17.0357348276 16.4386540474 1
15.2047451993 2.9430151684 1
11.6519545237 18.6094491408 1
8.66744399902 16.8790536185 1
9.13719200857 10.2069507503 -1
4.98248328191 1.18635508685 1
18.2996217674 7.28180029357 1
5.49074967809 18.8630333718 1
17.6528930039 16.0813177078 1
11.9769713428 5.81310459121 -1
2.65456436037 9.41442852876 1
6.76706050816 5.48603221513 -1
7.1274959992 14.3586272866 -1
19.2622262232 14.0391398355 1
19.5225307923 2.34831126144 1
19.9011373111 3.70766594003 1
10.6549475798 7.70829443194 -1
12.7724530444 6.4763696881 -1
14.415067068 4.78835933416 -1
3.30348739511 2.37812098106 1
18.631681525 10.3828522499 1
18.9668443089 0.395133928142 1
16.524734303 16.703167853 1
17.1938661117 14.7561133341 1
1.01558652268 13.4962469064 1
18.5218999387 16.8749197852 1
18.9576522352 12.1625087954 1
2.765919374 3.00783518957 1
17.3581082777 3.03295310465 1
15.9390834868 5.85626186033 1
16.2871993248 11.7814918475 -1
0.378631923492 9.52950435068 1
2.02247753723 6.8910084803 1
3.10075053488 13.2060018015 1
3.62651567966 2.64161778346 1
5.72016512144 12.1836612436 -1
7.95863528491 6.04704109907 -1
14.9672197982 10.6408774899 -1
16.9468293148 17.0706514834 1
3.52739117632 17.7668682332 1
5.92757330715 4.29785432377 1
15.3729213784 14.8603800149 1
3.13680568107 4.60532381612 1
7.04962513169 14.4552732154 -1
19.6956114844 2.31367017601 1
12.3774139985 17.4060461812 1
8.275154846 18.1717544295 1
15.0742479308 16.3537487909 1
7.11409833752 16.1137994449 -1
0.255970606065 3.02124614515 1
6.0552650044 7.53158727304 -1
4.76320168947 5.68487445854 -1
1.90042885068 3.00595403434 1
12.7161169651 14.6670574672 -1
6.50435514932 15.3335300628 -1
11.3615843259 18.2224011725 1
8.43893272784 7.28196595491 -1
7.41992437496 11.3707111161 -1
15.8894982631 19.5975431014 1
7.80017632587 18.1985944245 1
12.9755583418 17.8604964149 1
17.2155604436 5.77074111386 1
11.6948232052 4.30543985037 -1
18.2421000624 3.71017973563 1
19.6150277223 9.60972132367 1
10.5291446829 2.35363612421 1
3.51469362005 19.5519990327 1
16.8190991836 9.958003488 -1
13.7685456945 2.97594658446 1
13.7712103064 1.52300388226 1
19.7435322598 1.34636024358 1
6.69017249628 11.8742577222 -1
14.3904141876 8.13056137749 -1
8.62826025231 16.5679752192 -1
2.86307762543 10.9491675688 1
11.6742549679 2.84367487585 1
15.2984931599 9.87765456292 -1
10.83774878 4.43964232519 -1
12.3286457326 5.80919085028 -1
2.15062282322 13.3943533936 1
7.31299359103 10.4230117142 -1
15.7857566679 17.7149104121 1
14.9424246227 19.4759152588 1
14.9139429901 9.01289764284 -1
6.07432689773 6.56769279482 -1
19.4069409616 19.3586834063 1
10.9910723026 10.6267255239 -1
12.6714366964 17.3944817708 1
14.9017321516 13.9112338771 -1
18.8744460674 14.6078403405 1
4.12409039223 16.5039919599 1
15.7643209939 15.5539839543 1
3.38024977307 9.58764531252 -1
3.03924789778 2.04545792022 1
10.5665351587 10.5060055648 -1
12.5077056395 1.4829560153 1
0.159771051638 13.0778668084 1
12.2290102081 4.41421200879 -1
6.20514064926 0.105228953408 1
13.2286025559 2.31873741838 1
