3.46445855216 7.53911914165 -1
6.87331960795 16.6688612783 1
1.35200990408 19.0771467232 1
0.320018714089 4.36753919118 1
0.193006309061 12.8703232511 1
15.4825387558 4.39413441395 1
14.6556826366 13.9964349507 -1
14.648632722 17.9354826067 1
17.8457337182 10.7641189816 1
17.2051808917 13.0002992323 1
13.3382747432 3.49582726971 1
10.0008050394 1.31108782409 1
9.79891978912 11.7923862551 -1
5.55044345314 4.42438964008 1
9.62073402663 0.177460071162 1
0.772324860096 15.2994217804 1
14.8387597785 12.71107747 -1
2.32266307902 17.3902670648 1
0.611221881349 4.16514140332 1
15.3961394816 14.5342471426 1
3.77870349886 18.7922385647 1
1.03040788944 2.23324087672 1
18.4449212716 0.618941630004 1
13.8473586002 15.0266306383 -1
19.259372701 16.9899369929 1
10.4456328387 6.38042259126 -1
4.18584394541 15.3275246212 1
10.1034918832 15.894657643 -1
3.02672001098 2.26112361315 1
13.3998478312 19.530477499 1
5.92160990765 8.65819426825 -1
11.4344260653 2.67728694018 1
6.6597273503 14.8411357968 -1
14.59082993 0.045500396244 1
10.7432273451 12.4166192661 -1
17.8552551765 4.10580556779 1
11.5645302212 9.42872899223 -1
4.24306199626 14.7241140304 1
3.09989142579 7.05226875812 1
14.6453318294 4.0412250059 1
6.9016028117 10.982446177 -1
3.31247902424 18.2278786654 1
0.4693890693 15.3624679914 1
19.8553487292 9.44077619388 1
2.52705568981 0.947408794251 1
19.3129177246 15.926098699 1
12.6818908398 4.59076153808 -1
19.3270856746 18.4776024481 1
9.50294190234 9.15799817981 -1
0.562908338266 15.9249519231 1
17.2701359403 11.793792312 1
11.4870161327 10.3514516431 -1
19.7369656063 11.3662368258 1
0.613165548511 7.67141517513 1
16.7900983653 14.2568131829 1
9.48558769082 10.6554531022 -1
11.4185175986 10.2220267916 -1
19.1840112119 3.62835295124 1
3.19219007483 10.8920922934 -1
9.51130986296 12.0239156304 -1
9.96786683213 19.5619604589 1
17.8568752989 1.29108525786 1
11.265896936 7.60276968435 -1
17.0553878456 16.1706250092 1
3.70924116047 0.196625328588 1
0.229100963007 7.23618072432 1
17.4422589536 3.87753693945 1
2.68090216806 7.87038832051 1
16.0581319981 11.2516005825 -1
12.2164999463 13.9305572249 -1
5.97260851666 11.2490313362 -1
7.59319017081 11.8144288521 -1
13.5856972223 13.3418773453 -1
14.2383656373 5.41321911986 -1
18.0219703671 1.45599695236 1
7.13878653418 16.4276480107 1
17.7204119665 19.791426426 1
12.7608456138 17.5641439926 1
7.94543865975 14.6615493923 -1
2.12630441318 14.7616242945 1
6.20996462825 14.5242845338 -1
16.4001571907 12.7836220332 -1
18.8451468378 1.97647052118 1
2.46059401301 16.8678978794 1
16.0011739208 1.10973912281 1
12.260908253 3.15028103671 1
5.73063600771 17.7520146481 1
1.99285497343 15.5227185292 1
12.2247124379 18.8432400446 1
9.14150991741 12.3075868146 -1
2.80473142095 17.4864023883 1
11.1507624931 10.8271014144 -1
16.9624897352 6.40403918407 1
18.3680232476 11.6929788485 1
17.4877714906 15.16125976 1
11.4132805166 6.07898742048 -1
16.3497300191 6.56846331039 1
4.59879647604 6.14795763401 -1
11.4153378481 19.6748694595 1
7.61127607046 10.8264033411 -1
7.65573398189 7.09433041284 -1
13.0870476199 16.8789510825 1
17.5602512238 7.92279715344 1
0.190431456828 3.78538106843 1
7.6391609663 1.39052158095 1
5.66001036064 10.5564105871 -1
11.6260952862 3.33287249313 -1
12.302173049 8.04761919004 -1
16.1420243574 17.7049302464 1
19.6418857431 16.5367407368 1
18.1414230428 12.2773194358 1
3.68796725315 8.22788731428 -1
15.0688882506 11.2163927414 -1
9.34284390099 19.7181141178 1
3.32860220214 10.9773234672 -1
2.78856616852 9.00031665007 1
16.1059103301 1.51047338916 1
7.23385106305 7.91003676473 -1
15.2546199844 3.19418665259 1
4.58843598667 3.14674744901 1
9.08604183699 3.30930777866 -1
3.88134037935 1.33424239505 1
17.1810173528 7.79296597215 1
10.9814174506 8.74382359396 -1
11.7780882857 0.194479413965 1
2.41459698108 14.2928045932 1
2.94819436087 18.2843387725 1
5.23105181973 12.0520182785 -1
3.17898396136 1.7413357156 1
16.4177272341 1.72623367604 1
19.0881880315 13.0853819791 1
7.5087399689 18.0283920682 1
5.92715051511 0.00389721474224 1
6.15717409813 19.7656428881 1
6.44831670116 12.0941685152 -1
15.9017934567 2.99880217154 1
2.27054374616 11.5525182772 1
4.75383262655 15.7078062825 1
4.82767479171 13.184059593 -1
4.84168641262 19.8379227702 1
5.21768519383 4.49245483873 1
17.7405244821 9.50382040543 1
7.79856793623 12.5883128979 -1
15.0292171866 8.49718772702 -1
0.695375063866 7.23502300511 1
12.5384818322 3.562161833 -1
7.6647388678 16.0329507065 -1
13.6656009199 9.61041596658 -1
8.4339690471 6.76818548488 -1
14.2661838283 12.8823488069 -1
11.1009294782 16.0389469026 -1
4.59117373957 18.724289624 1
0.601174824608 1.52931306027 1
18.156751453 5.67782584699 1
9.38560321107 14.3092394478 -1
16.3264515847 11.0114124961 -1
0.77925916991 0.718621008409 1
11.3658647557 15.3506705719 -1
12.1443750664 7.2142666815 -1
10.3783975919 8.10927809038 -1
8.13472649161 3.22160689903 1
12.7505792089 12.710054776 -1
2.96537740125 4.14350104979 1
8.24372452442 1.16431839355 1
11.8627114298 13.5667340946 -1
15.8005579092 15.6372511549 1
12.133293204 18.5073404031 1
2.85674243628 15.4986937889 1
0.55237825186 0.954983275823 1
18.2206183471 10.2742061344 1
17.7614816742 6.19154549728 1
1.84710308826 17.5910473205 1
6.40670491586 7.66096311434 -1
9.34689943662 10.6293528301 -1
1.02249962475 17.3869075287 1
4.94011272105 9.25703413218 -1
15.4217804895 2.27711873268 1
5.89917356042 17.3331874335 1
18.4349118116 1.89575531094 1
12.4813536327 7.81643620534 -1
19.9883946997 17.0275726128 1
11.5968623784 17.6657095426 1
5.7333817661 14.7809785069 -1
4.88816601323 1.06709709115 1
14.1468847071 0.804200016994 1
19.7061553381 12.5315508487 1
5.48407598493 15.0130465462 -1
0.903907872892 8.30804007257 1
18.6472653898 14.6191439078 1
19.640494183 14.5443989926 1
13.9371619864 3.45707088295 1
3.57544002525 13.253685462 1
2.69794065243 14.3399765861 1
15.7105875858 4.75443537364 1
4.19142793041 4.87216434384 1
19.7013255035 13.8680847426 1
13.4220638039 9.50269563177 -1
6.11744582585 19.8769294362 1
9.9967863082 1.8759729104 1
12.8904473682 15.6175268878 -1
6.94795330321 6.47764902056 -1
19.2134618094 7.33886202707 1
17.7280123958 16.2056209467 1
1.43740780863 16.5132019999 1
0.412098428962 13.740042726 1
0.582149190384 17.7375969024 1
17.7087773961 13.6535047852 1
12.0026402363 6.67618502844 -1
3.73000513855 0.602193108566 1
10.2901429918 12.4723359819 -1
5.64018912828 0.939332689285 1
4.14460729532 4.82165106916 1
4.86414148908 8.28254863669 -1
14.1935667403 1.08335200524 1
7.56902223277 14.4511984691 -1
10.2857744761 18.1616021154 1
11.8023279879 17.2390822342 1
9.48310521401 0.800129068753 1
18.8130878364 10.3630596719 1
6.70643876741 5.85224723956 -1
18.7615336673 0.275472683928 1
12.4669207128 3.89361448312 -1
14.0548603927 16.4923466243 1
4.35327191724 6.70191092596 -1
14.303307549 12.1746406207 -1
7.21120717139 4.27598209675 -1
8.79046206972 4.13499396278 -1
12.0414442081 6.08534264163 -1
17.6628880253 3.23464705229 1
6.15012357587 3.09191112748 1
2.6896785273 2.29011523933 1
4.61482878407 6.34767362137 -1
1.69268902598 4.4720161343 1
12.0233853868 4.25073939591 -1
3.96470305816 1.90761213107 1
3.57609273933 8.89529879686 -1
12.1623495965 9.6956438369 -1
9.79027910469 11.5741774963 -1
3.83484864855 4.84422992502 1
14.956541836 16.0755507102 1
15.2572065875 13.9038897575 -1
19.8229901925 6.6558966842 1
16.1458702308 5.03942887547 1
4.39657095063 14.0375968226 -1
4.1819662209 6.7994004216 -1
16.7635404044 6.43795195723 1
12.4649589508 17.4490110338 1
6.49963164549 10.8593359174 -1
9.51089261534 16.2402645112 -1
18.9865356779 14.6692247527 1
0.815386450698 10.577666225 1
12.0252755836 17.080332466 1
13.4986679342 15.7153370372 -1
12.4567468044 6.96775460854 -1
5.34973913293 12.268449107 -1
10.3023222379 1.42258230905 1
17.0566879486 4.67802039142 1
2.08901179565 19.6063991545 1
10.4211050931 8.86559416534 -1
17.6061864722 16.4191754665 1
12.5010428362 13.6805558418 -1
0.78106016511 3.2553228919 1
12.1826942506 2.56636055322 1
5.60849682218 5.66127816147 -1
16.7812489734 9.10136445013 -1
12.2099854121 9.02514119131 -1
14.9190444641 9.48916103015 -1
17.1651975568 4.27221675342 1
4.10120311116 7.18731548503 -1
17.9028430401 14.4211937146 1
8.06460001379 1.65428283932 1
7.47780290383 13.9987593417 -1
15.2006588416 19.6865892744 1
19.4021673503 2.31244916533 1
9.06973939029 7.95890215711 -1
2.37720045616 0.0539064562769 1
19.2527144167 8.10475961058 1
11.1057341192 1.95831885548 1
18.9697469321 4.40924319245 1
5.60822297182 17.813021706 1
4.77439733491 0.495859006159 1
1.81407698224 8.67764200886 1
16.3873843065 11.8824510836 -1
0.923194479412 6.19480497281 1
15.8744356537 5.3862937656 1
16.2450853968 4.01271914521 1
3.4869417385 19.975134681 1
19.0012743029 2.66476186794 1
2.0235493629 18.937167561 1
18.8800590842 13.0753339147 1
0.854174121219 4.63313002574 1
9.22522157102 6.52586840929 -1
4.19761884604 1.11139124181 1
1.65838318565 16.0447101405 1
9.03112858549 10.1581146545 -1
3.50199530785 13.559247997 1
0.719725146141 10.2341214593 1
7.05876651361 6.99208162047 -1
12.8824037457 5.63426820176 -1
10.4054493762 14.3219283679 -1
8.33265858692 7.20571676125 -1
10.0405147723 14.3957066175 -1
11.2046850113 11.4822191967 -1
5.60591734753 8.46692307905 -1
2.71392511154 11.0252255248 1
10.6458893693 5.8961313418 -1
16.3148349979 9.46176013911 -1
9.77603982878 10.7659337277 -1
4.94221382235 10.8078218039 -1
4.55794153692 17.4358070312 1
7.44936014929 9.14577644798 -1
4.25946118638 4.1102337071 1
13.1929216292 14.2353708711 -1
12.0106931174 11.1929786006 -1
2.26863196076 5.59697858558 1
18.7364883337 6.26268343618 1
0.304608788986 6.45776364848 1
10.3721640488 14.3854018885 -1
8.54898688681 0.239020407022 1
4.75762530174 9.03994259454 -1
13.8042327072 9.14049720931 -1
17.2542448044 15.9487652111 1
8.39738747139 15.2210415816 -1
17.7536252349 5.7064249483 1
8.03576946226 18.032109719 1
14.3857760617 2.46623980608 1
12.1690450688 18.8479131672 1
0.390671796563 13.332059524 1
3.23592886134 2.24319373677 1
5.09188194418 7.94626227964 -1
0.630927018488 6.97393743491 1
4.38963844912 11.4326869065 -1
19.234745072 4.34490598447 1
12.3641725918 0.967536583012 1
2.03712189731 15.9323322343 1
10.390442245 0.812311828803 1
5.0934072768 8.23662748416 -1
11.6930879768 10.2356040486 -1
17.3728221782 14.7797669275 1
1.93829186643 8.71451186824 1
5.43038349857 9.26215697835 -1
13.3078189148 1.64764603443 1
13.5130022404 13.8389591189 -1
18.3166832448 6.66052737329 1
10.6295902582 4.18625104197 -1
17.7152721283 5.25406560721 1
5.033509592 5.58992790818 -1
15.0772129344 19.4669519161 1
0.461384274768 2.12617847582 1
11.2302684962 7.64681286141 -1
1.90117866173 10.7151917359 1
15.626002599 6.02915969102 -1
0.240331721944 17.3080615193 1
18.3684752506 4.94718926844 1
4.11922453159 5.60206812411 1
16.5861671924 9.95933611814 -1
6.07077911892 6.54613354391 -1
0.147085205446 16.2888573663 1
11.186188455 14.4299230583 -1
1.86048684225 10.3818910106 1
3.04615701209 4.94454569438 1
5.22860627461 1.37729707855 1
13.1233944928 18.9108071071 1
7.07184906015 12.0184111114 -1
8.4243435965 3.4864852104 -1
0.632269765937 17.6928101459 1
17.1474916745 16.3570492324 1
12.035791764 19.5635142814 1
17.8111898398 14.0446252625 1
14.5954021237 5.00621832156 -1
19.0502411876 13.9426433752 1
2.50988681607 8.45898733304 1
15.5668785222 0.748542877429 1
7.54961441336 6.47761790837 -1
4.41497258123 7.9247259148 -1
0.532370405139 19.374549651 1
16.7848312137 15.0632372772 1
6.07926005716 1.70357368069 1
12.1541740632 14.9602773378 -1
13.112647266 19.4795012765 1
13.6804799052 18.4148945922 1
4.21695706257 0.667754002129 1
14.6561837222 13.0616866221 -1
2.27457394953 9.69604478029 1
12.3166173923 3.3236756138 1
8.75125066705 18.9982677004 1
4.07695794288 4.14206992991 1
0.886665026921 3.51371177475 1
18.485322517 13.3589476399 1
7.13536952207 4.3744842574 -1
3.79068882681 9.27731130052 -1
6.70898202449 4.84499839506 -1
19.3874569504 4.38987944534 1
10.4250183492 5.43810233149 -1
1.09505351587 10.8811447705 1
11.2895748293 2.4874781781 1
18.2208811417 3.0972262355 1
1.6018821789 1.11022790306 1
8.95835808456 7.53579118007 -1
12.295126853 14.5711104261 -1
2.53192839734 8.43357353018 1
10.8902592497 7.93049223341 -1
14.2402910038 8.82252863198 -1
3.91135413252 11.5098455136 -1
16.1550241198 8.3943009762 -1
17.8652158455 15.6385136144 1
3.72566952166 10.593956286 -1
7.65878748348 4.49259163311 -1
11.6901098446 16.3051310686 -1
11.5014704102 4.39286109668 -1
3.46564771815 6.17381378357 1
5.1415501094 8.16731091833 -1
8.11635005371 7.46994972673 -1
13.8233785895 15.8667226863 1
12.4823859756 1.49807557381 1
3.49511221655 13.0599485042 1
11.2321358183 14.7936167182 -1
4.75844126658 16.1930881879 1
7.34750134819 6.02756824914 -1
3.29114386337 15.2620670517 1
16.7755278612 8.70004100003 -1
11.8321859326 7.50023797118 -1
12.2533609488 11.1063167359 -1
11.1300362172 7.8356023966 -1
3.43913914443 13.2448472923 1
2.35999536691 12.632781667 1
6.25893073708 9.03945744143 -1
8.65844826861 1.71567588858 1
18.0097804865 9.0848335138 1
16.8158998617 2.6390003913 1
9.23713621535 2.62364534527 1
16.3998542245 3.9391662815 1
6.08406261666 12.9443167377 -1
13.4484812403 10.3318990994 -1
19.911286909 12.192871402 1
1.27265920597 9.72260806583 1
5.80319406355 5.66511037942 -1
12.7082966571 18.4079832132 1
7.53721842473 14.6518990361 -1
12.6498361307 19.4809544071 1
17.873090332 13.7276215343 1
0.605354388155 2.29084366388 1
9.85775564879 13.5361737715 -1
5.94247101254 13.1498266329 -1
7.7334145103 6.98479973669 -1
3.59286756715 11.686265454 -1
9.69891692381 13.6841130426 -1
0.691655050996 1.37853198496 1
4.11818474064 9.799820073 -1
13.8666969841 8.9497572304 -1
2.72513991392 17.7693067609 1
10.2030920114 4.53025335171 -1
1.41833861346 10.2076303754 1
17.3897047688 12.8013500283 1
0.113797735898 5.86761804223 1
11.6438536996 11.6331509445 -1
12.5014382094 7.15277352246 -1
17.3752931475 9.47976399796 1
10.6035226514 10.0585675333 -1
7.41228169659 11.8643039445 -1
17.4371583985 4.81093423887 1
4.52723280316 14.6763103412 1
8.99752324569 1.54045013264 1
4.09796416913 14.6063232856 1
2.88861091386 4.20111240932 1
5.97947655241 7.14407837755 -1
9.83980076074 10.8874230127 -1
6.06193141325 6.37271212917 -1
14.8951220915 18.6316305288 1
9.04666482203 18.0217391537 1
4.03623158146 19.3196742664 1
8.68824961937 18.2508117516 1
16.8783577058 4.62577291675 1
10.0262230784 3.03887979893 -1
11.3132279374 7.73979564029 -1
14.4513894213 8.98131683841 -1
11.5328114222 18.3519654682 1
15.4526361413 13.1716178649 -1
16.654759054 17.7132701075 1
10.8407202077 7.46056964908 -1
14.545824898 15.4697288367 1
15.0367953317 2.15621582694 1
19.8311581738 9.83892349211 1
9.76423220685 10.968664437 -1
2.16726653753 13.0152774903 1
5.36626793454 6.60622239716 -1
18.1174148679 3.55779099928 1
0.752656728438 10.0159527693 1
19.5585460033 12.742797658 1
17.0750445725 12.029335751 1
10.2653458724 9.88231855782 -1
13.3406085661 9.63275692831 -1
11.7515454459 19.738814591 1
18.3906105507 15.0008088313 1
17.0126988537 1.51518884934 1
17.6929613499 17.0823246202 1
18.0127280627 17.8995329828 1
8.41885335312 10.6645368466 -1
6.12456422893 5.91473094263 -1
11.6599251892 12.8858307628 -1
