6.7613299677564065 11.17787182923478 1
2.9479512567045796 17.638039352634504 -1
14.042866663207214 15.784759489846776 -1
11.602022722938974 9.844926501947445 1
1.3771181393117615 18.272310309812354 -1
3.951659607611342 3.0437133359640023 -1
8.988315892506431 15.332428468107175 1
18.402630062794778 5.212567303510576 -1
0.36125518268013357 3.855821407839508 -1
14.235662019442518 11.352627335441605 1
14.399387615228534 4.977263405582946 1
17.403478552121353 12.985863975566222 -1
14.625433124376002 4.281555212658629 -1
12.174643378011254 2.9938662750100042 -1
3.4166840426200262 10.947867553251411 1
7.3000968942105215 16.865593852534037 -1
12.480024809242034 1.7208975719050956 -1
0.2654588025998206 9.19033609496271 -1
4.022531846188526 14.080001847630921 -1
1.805227252680095 14.42551625901439 -1
13.2795999564369 0.5931669027080622 -1
2.9738570879572124 18.008633673617535 -1
15.947680511927214 11.903350411109418 1
19.44244099507195 1.6577127213132026 -1
5.080357583356592 14.921640812718886 1
14.526237455025925 15.721495864614543 -1
18.273604459509954 7.721505179118386 -1
17.55194480012534 11.85209334449267 -1
6.6280458549246895 0.922734210570817 -1
7.247994946464729 9.435250143146918 1
17.661819018502037 8.378268346718906 -1
15.794000684072193 4.7573045187643075 -1
17.5449331452802 7.028421361518797 -1
17.548502190613092 12.568035965337003 -1
7.272261709829165 18.555888238196815 -1
11.31458681795755 7.73047790276012 1
3.7029384956250433 14.089720366944011 -1
0.5988320533521652 6.481983013066355 -1
5.640415447598171 7.999106883341192 1
12.384135587821444 8.364539280523491 1
8.662680386076516 7.670173870717258 1
1.2888352450026797 0.21978759625069788 -1
11.505925604391589 6.445048370067585 1
17.115643761976493 12.993934013788135 -1
19.520575917590214 7.728526787195202 -1
2.9401757618478297 7.844669974470786 -1
1.9710682849245709 7.468442976960459 -1
15.37005184353976 18.743740427526532 -1
19.068038210519575 2.57627143725657 -1
6.868174196312024 10.5382426537034 1
16.74796683120668 6.917907532056605 -1
11.160721890957149 13.010741783546765 1
8.192642830604429 1.265084038506541 -1
15.146214725390559 14.293204998968221 1
13.134913489836787 12.271771300015873 1
13.491087538481052 5.987741371106821 1
8.859120714133507 16.384098254030448 1
2.1572679039784792 11.725367724025235 -1
12.505478632795196 3.3283941362546066 -1
0.20381357863570093 4.228023300119588 -1
5.499784311502999 2.1795539556458765 -1
11.004273330286566 17.547911458087786 -1
4.628874999812935 4.029016566239627 -1
18.079912182970745 6.284624890190966 -1
13.16275490678095 0.7828066536718925 -1
16.826226098463643 18.56752647469192 -1
19.344626375081788 14.54836027004476 -1
4.28686047494325 13.228552357528152 1
19.327085277318346 4.21129850806439 -1
7.648054272487805 3.3266917677320285 -1
17.135782304065064 11.44075263353237 -1
13.54516512310548 8.434189879876142 1
12.198332181854852 15.235265896945185 1
9.398139370467193 8.382388682629218 1
12.001400565966552 18.170955909935337 -1
1.6273362228044341 6.611551838429541 -1
8.626287216200065 1.8354548876970522 -1
17.982057098901613 17.118054352966507 -1
16.237870246595463 19.184773732745313 -1
1.2979396202025262 15.44199626517489 -1
3.3354256073098676 16.95497252892823 -1
14.800364465804886 14.447254219339577 1
5.271747455679572 18.372310379028743 -1
19.494041284555834 2.017440006085327 -1
13.90020653373533 14.595938751638805 1
13.113523051759286 18.235951249015958 -1
13.392100196574109 9.63984468551857 1
0.6830415637536014 19.50729818935093 -1
15.701379538144245 18.576407857655678 -1
3.2486001910955986 2.006778510884948 -1
18.75276411933003 19.595792731771756 -1
14.669882333786665 17.401416689317454 -1
16.85384947557749 18.293876931337948 -1
5.9674987466074425 0.1222291982079926 -1
2.5817837012043943 15.032683024417889 -1
19.48035757344883 14.144404107064759 -1
13.195930781185464 4.250321366896843 1
11.531333693951382 16.286601245433683 1
12.853287623709363 12.469580168555565 1
17.10912550130535 19.55370249488998 -1
3.078902911178627 18.220925961010725 -1
14.074170251404501 9.10557391307978 1
8.236722431404019 9.038212824920773 1
3.9520704681110153 15.656334287747423 -1
3.9176608445236094 9.878390129258124 1
18.944158269421088 7.4022342326484765 -1
3.66088872597365 2.9735626959026207 -1
5.928075721544821 7.895262959729918 1
14.151122737498872 5.684561371872481 1
14.816192566256838 13.289216633054746 1
0.7208705747908062 1.3679347467131042 -1
2.023598840591916 9.479787457645504 -1
14.439191054492733 2.2023449803163775 -1
5.473052334651777 14.524636381745111 1
17.96656943373627 16.43651748688301 -1
16.172286193641735 19.415195152794592 -1
4.864506251312585 0.8324771942330544 -1
10.851479955410522 4.681705491689394 1
8.307727233264545 18.727771279344083 -1
9.36224735071773 17.114016959059597 -1
6.478347737177539 14.269827476691495 1
18.465533426919222 15.936867695919187 -1
18.41496304993714 2.7520226802983228 -1
0.8035316961821004 10.52625685605755 -1
2.844429361014569 9.739015121743712 -1
19.27899696252197 12.251294996461748 -1
5.111063022748706 5.256805048890558 1
0.13823147703677652 2.9373216755927145 -1
14.274095949008057 16.817286768358542 -1
11.463038826082439 10.239944037360695 1
2.5049920780571866 18.493264553005023 -1
4.574807414516875 6.572815037371895 1
16.26351223888603 3.7329976239360607 -1
7.859576121477985 12.909916548755 1
8.108045261568249 8.138666116132775 1
11.907368642204501 5.036109103842659 1
19.72614324381434 3.6790617575665707 -1
12.964516395849934 17.68615426782604 -1
2.5642143864971656 8.109443754787398 -1
9.472703502947342 15.199486310224845 1
11.325887761302418 1.7117966341922863 -1
3.769305591095149 1.1822140136570747 -1
13.415984290967973 1.2145012682632328 -1
15.505332076364988 6.045952756614823 1
16.96294769938256 14.277024812390929 -1
7.991216971819826 0.961748521705168 -1
3.647490964703768 9.266890937155116 1
9.01270702337684 0.40463460322313516 -1
11.504959040694231 7.891117042278493 1
9.48614064830628 0.5742089161892383 -1
3.8191314717415703 7.573420998238973 1
1.5677196761030943 18.974225455242802 -1
1.1262817418317628 0.0025446630929981673 -1
12.9114604472227 3.5883306162248063 -1
12.194586950635674 16.55806604469928 1
10.775518742354585 15.44210041454856 1
4.155827993766041 9.472518916227997 1
11.042064369032165 11.82420924654063 1
17.995905639854694 18.654076746616628 -1
11.442545025227119 16.476744113298203 1
12.697737629394128 14.827865642417144 1
9.645368377760622 19.777613908843758 -1
19.94662233397284 14.498154759194078 -1
13.218955895892199 19.175476714295993 -1
13.469846159475553 9.877376469911091 1
3.6688008179526777 6.61877958425239 -1
16.13875127803231 15.832208354775009 -1
5.866094527248675 17.819554466883517 -1
0.22090099219486792 12.326481042912466 -1
13.846015274006081 14.235801520441822 1
15.993699257935237 10.703708893214062 1
4.0670178995684925 2.6738857477424327 -1
1.7635460885371734 3.7461848970429767 -1
12.262233036722357 13.81076165905256 1
10.922310216734058 6.083258394194468 1
3.8287386676874124 7.920216202709918 1
13.474743902630248 3.2934185482215006 -1
18.73053404348242 7.744360221704712 -1
11.32341023094626 8.523228186595338 1
12.92777126379702 9.265352774652042 1
17.55798467091794 13.141570879063709 -1
11.281333271251132 15.925835925326986 1
3.6113274095305115 5.343194528770338 -1
14.435135862391634 16.248648642291922 -1
15.69427450700809 8.322535533049919 1
0.7636673452365783 16.070123423088816 -1
18.027901452146054 5.349892162654813 -1
12.955651617056336 0.19627722322592023 -1
11.740848429164686 4.41280322192622 1
9.60951416300546 11.972908490241945 1
2.5457628796018295 5.955059465688846 -1
17.94745423512804 8.932656282535955 -1
4.654607821038117 19.832520450281365 -1
6.9704213514479285 9.917569732362718 1
0.82790498547481 9.93947002790549 -1
3.2690027119321408 13.022387941083828 -1
12.6185626039237 12.423314644722137 1
3.7567997759915706 4.204102086640611 -1
4.178911095155911 12.435744403492102 1
12.468338055937124 7.087969942936558 1
4.209311129818238 5.2601718580527335 -1
6.809448016579123 7.239682790886361 1
12.537125743898672 4.449851757473313 1
1.350071263320709 6.11929881292792 -1
6.76229540606659 2.5746564711948094 -1
12.50507860404214 3.361348835564204 -1
19.113540165375507 14.576817076678372 -1
4.825298726351792 14.839034882863409 -1
12.721273643267903 0.20117778340889902 -1
17.532378919969723 9.282432219052449 -1
4.5628165005682835 11.40945321642118 1
17.218385686967373 14.832460364688519 -1
19.586440502522805 18.135974767060677 -1
10.776288671560394 14.257302014341537 1
2.7389179723905066 19.52978375969153 -1
13.088251019906398 5.206697913300074 1
17.247232013090034 8.317164037706146 -1
16.658791525983148 18.43945956194733 -1
13.797307821874565 2.9850471336703577 -1
11.410536126148276 7.632056520045383 1
9.595312796236739 9.925606618901888 1
13.688601130507642 7.505917496388619 1
7.743548610208066 4.353921280712618 1
11.23695799766274 0.0268860101113666 -1
7.284293711711984 14.899818262355 1
2.7071071302688487 2.8690168096186652 -1
8.691124444891896 0.20069331389754863 -1
12.399354700221867 0.3887541737277145 -1
17.050754558576855 14.942558630366962 -1
3.6763232378813893 4.465558069907736 -1
7.325900329516344 10.27959026369289 1
15.04584252462281 19.752886725853184 -1
11.522671688667131 1.1697915548727011 -1
5.68492772957833 16.42024481854027 -1
17.33635583946259 2.8615092045899115 -1
19.00722204493381 12.636119224830436 -1
0.4026299195128824 18.238520348718016 -1
16.26279322892878 12.718892010860838 1
6.402759949293964 8.635832922968428 1
16.552104831295345 17.71185063391147 -1
1.0608208355244142 17.33312984082502 -1
2.1704702301835943 1.4133438569420798 -1
0.2390959583526997 7.993461894483884 -1
1.7068614398792037 1.052313141572685 -1
0.036674702982961715 14.034408237419619 -1
13.943387741395895 11.561478399603455 1
5.458093662190857 10.118784784595798 1
18.844817199252045 19.840323034739754 -1
12.378401350681635 16.642295404495727 -1
12.993806062136013 4.371452662328636 1
15.140990662129017 16.31620017792443 -1
0.25412036234040203 12.957258015311993 -1
9.535665286853883 2.8129147615273675 -1
17.56144879123921 0.23528332088641246 -1
8.557678923563689 19.335506474622207 -1
11.675842258192572 13.747567366130122 1
16.472058172664138 9.603431265327306 1
3.872450860080514 6.271704277586972 -1
17.460698174699957 11.388808342261099 -1
18.98828591184935 19.928050037100814 -1
3.9514954655256807 17.350700284429948 -1
16.34824286298249 17.270290452499538 -1
15.855732745709982 8.709952296745513 1
3.390022369209007 17.187902649964485 -1
1.9871921895299627 4.892565603051892 -1
16.884846361988487 13.895007616063243 -1
3.5226747311679296 15.20717930342117 -1
1.8917755566554884 4.499141812743128 -1
7.4322454646111975 1.457069895263614 -1
6.169910513443133 6.247078445220959 1
11.629459056361753 15.21839760378249 1
15.235897303948427 18.0482892415182 -1
14.16355267877751 3.4913165094757592 -1
18.54105131884266 14.988586402403136 -1
9.43431805568952 14.145576343649468 1
8.147874572458775 18.180272102607308 -1
15.342261909678419 6.67499119116596 1
10.255478724606593 5.24868621239893 1
4.261697605620274 16.234313291069917 -1
4.2427626125988205 2.606121403831163 -1
7.556447952213274 15.810310982533666 1
4.258989853033137 8.67523464673387 1
11.536998099797977 5.2502653079105315 1
3.0409442671260445 10.974238832421516 -1
0.26832066330632287 5.565653672748048 -1
4.344972172892215 3.4062312352757806 -1
2.5348823504251916 4.352261768317098 -1
16.809383891847293 9.590669037982536 1
1.9540181362194042 10.676631726805292 -1
9.875630539968103 11.34337136150097 1
1.7960669532429496 0.84935744302993 -1
4.535677294603868 6.9426418917192905 1
4.904858487774899 7.0148311527559475 1
15.41978165459902 7.848267640761144 1
1.7913362331583205 2.5584578467374564 -1
14.08611025345749 1.2192102741548916 -1
2.2132241368499517 1.4681668675111004 -1
0.6841651501381785 15.811015690635138 -1
7.623932333756058 2.91976828790546 -1
12.345526177835131 19.48583177578605 -1
13.198874515758742 1.587138177793641 -1
13.91544625368564 1.6364492052542134 -1
8.312528410500846 19.897644714680087 -1
10.533612677678349 2.0407519836965626 -1
0.3010168656720924 11.632918419779275 -1
6.059326394301097 5.776754934270672 1
12.155285203196975 0.15868481493470643 -1
16.064580629784352 14.70973084468856 -1
9.267996639922618 11.090431405443981 1
5.044310907857037 7.771953446031841 1
7.3580172798635735 6.928169244044032 1
10.786599602141147 5.7929267843626135 1
2.8868598080069297 15.737117520133154 -1
19.70829458774127 3.5788643653054475 -1
7.565801658834033 18.02076154130727 -1
4.479555674944253 17.109389765116255 -1
4.799549888439385 19.021568664750074 -1
0.6293677221827698 8.885063346480393 -1
7.7692807384548885 10.353270613544874 1
18.31122213516866 14.201749994600807 -1
4.457885094851357 6.889816310923216 1
18.95867221298307 18.570833415701202 -1
19.31651267507204 17.92050987851558 -1
2.5126508869593245 12.739028325168889 -1
1.9764341514417127 8.981681740011108 -1
14.02849217587002 7.652922441876839 1
2.201590436730172 14.943396670593925 -1
2.625043029768188 16.961662598720793 -1
4.735948300803756 17.468916034251873 -1
18.05404785913179 6.53682136951147 -1
19.236330276391055 9.082008345575334 -1
10.167541508119184 13.994490622971409 1
17.714297667477215 11.284758712144551 -1
8.99872963109181 17.697983240473757 -1
4.7795384019782166 19.514435798267268 -1
5.183438759777211 7.8704951431452 1
15.482736416125832 14.482613064270227 -1
19.729661519796558 19.100946976519317 -1
15.017649871603604 15.842704381469307 -1
3.5260234683448055 0.5514281186507008 -1
4.482968948668917 19.242300326814284 -1
5.692144754806698 11.578563484382599 1
11.093409974829886 5.36917353984858 1
8.850570879606664 2.398386612376102 -1
11.65018429250775 4.309763913640989 1
16.50329195882212 15.72298931214787 -1
3.5951614128086495 3.9438263787217487 -1
9.157326060644387 8.850336699343908 1
1.0372433292428251 16.00298703410062 -1
10.958026250986222 18.33939471544076 -1
6.589600728541707 9.755413837051496 1
7.287320941417816 4.356684261789812 1
15.914499506016801 16.086007196146618 -1
10.046765212844855 2.9606585005581065 -1
8.337879538035558 10.132359595528618 1
10.391064913579376 4.971533861794574 1
14.929550710048623 15.500610518101166 -1
10.980105886498457 1.8046714144422071 -1
0.00028658155323713075 16.480425351400683 -1
0.49030107236029297 16.438960841024787 -1
1.509092950180877 6.176041686639541 -1
10.40287647593946 12.824826742142504 1
13.521061627291118 19.512583161789465 -1
16.782051137358753 2.231261556160804 -1
7.228242777478641 0.8550047794689974 -1
8.66129060096032 3.638880435134695 1
0.9855887965172871 0.40866138625200277 -1
17.33160983737092 7.195550593504985 -1
1.8128068581353185 0.7265898599338039 -1
18.296653154855655 1.3691423001918346 -1
5.450242764192501 3.836293692079016 -1
8.158118634740214 12.372224739938547 1
0.965449805969194 10.750879184670751 -1
13.874617322028914 7.049173966659339 1
9.273272914026416 2.5935612072085057 -1
11.453248439189094 14.140620487402515 1
10.179279623642339 17.62507415007184 -1
5.837669036484985 10.879075954531556 1
10.182970077050486 8.3137506744243 1
9.529433586777976 9.002201638192542 1
15.627086007525094 13.301224182608046 1
10.366009488233384 3.5840472162874892 1
13.004567082307986 3.7175738425659555 1
11.981215176946465 4.487958761736013 1
15.074565617548055 9.100827546477216 1
14.050095346984214 10.21262103791515 1
14.803255355936177 8.53982038664499 1
12.671310938080055 16.31578554396015 1
6.375338688992094 8.644741690419579 1
5.139817770857977 7.557330377262095 1
13.061532076714006 11.925885210786038 1
8.7609885132837 6.508131785085103 1
6.83561109967955 10.84498351486655 1
9.10505499037223 5.879717822479202 1
8.602001687763254 4.3859786777651655 1
11.416453183265197 9.085946385050086 1
3.42336751085047 9.744937216262816 1
9.123123535858813 6.730612685059489 1
6.669792217087167 11.0415091636748 1
9.530653436529766 6.652861026966939 1
14.806815808697074 12.474203116178966 1
13.918105039028429 10.059627745594774 1
10.849252787909233 12.009188497220272 1
9.3579461442972 16.448575983097175 1
11.913058623386405 9.125850800779729 1
10.23551471441915 8.983864171532385 1
9.977752703163588 16.19549595162083 1
5.809784217577764 13.788342190411853 1
12.623154394266667 16.07083160322378 1
4.517269002590885 14.19256759489876 1
11.066226155367854 5.9263917934318595 1
10.884793769336698 3.308789588779031 1
11.81220909740693 8.06107374471667 1
13.587931378139348 7.493455074201991 1
4.283023725697044 10.931860340669033 1
5.916325552544828 10.699072384840315 1
5.243389218469829 12.94540147514578 1
11.545478311761876 11.684599785843302 1
15.154934734181625 9.79766383929219 1
11.254105247813717 12.818403567491279 1
10.98976044032311 6.902745580095571 1
7.534871571804471 12.300653894740915 1
11.320886090367893 8.608439369096956 1
3.706783144742869 10.101631298398623 1
11.70357550233895 12.438447028747444 1
14.489439301736928 13.935070182259635 1
5.785322626619411 13.630605428563742 1
9.447074981226155 13.170786756549983 1
13.893642515955072 11.684488203453846 1
14.415122378731116 8.03583413566101 1
9.723503725885179 9.418211178167585 1
7.0527434307049415 15.264162534769628 1
12.501876732357108 7.993698077326163 1
6.826115042595575 11.277010191558412 1
4.0832401397052305 6.89689072470885 1
15.642488093231693 9.766026174380313 1
15.71571404301341 10.726211063580926 1
15.233337193402573 11.130670538564775 1
7.887483428447892 9.56760162285243 1
10.711692301355175 12.620103243442063 1
12.99851724332417 14.028730910908871 1
14.283957934357254 9.02820136565516 1
8.523283300663147 3.4809271585003665 1
3.8755131293833966 8.144853170190927 1
14.464538240370073 7.371366839311769 1
12.57287650617063 10.911628628051746 1
8.026608796306645 8.04793269082875 1
4.952893264786211 10.353073444440312 1
7.221142304875969 13.841978330348827 1
9.926389105074144 10.460258132737646 1
14.601426929510808 12.241158785076117 1
13.523727425979335 11.5894265672883 1
15.485865474224303 10.970383104677865 1
8.836867597440827 7.8351365116821885 1
12.41772225445883 5.098618053978214 1
4.685498304151681 5.793243130672705 1
13.811816145971218 14.39204785745895 1
6.833866777268376 6.902287248037828 1
7.964569210197281 11.67526131974027 1
3.28708565418687 11.651823870261138 1
4.75881325109971 7.162798397458754 1
5.097512367312413 5.947725957291152 1
6.525430752217893 9.281223971804433 1
13.086690211936178 6.3457567924318115 1
10.860205786175946 13.892833566813433 1
6.793640412309491 8.705609215540651 1
12.806861685883808 8.285478696665328 1
6.047160763781402 5.37026975803639 1
11.604936076905101 10.608914301837046 1
9.24992257784821 15.574592736367576 1
14.197571236393498 7.151210146204554 1
16.941776790347088 9.978409032372557 1
3.024250919445841 10.478253617980611 1
10.932747120623173 4.5977911650741765 1
5.8317658939541435 12.9789674606489 1
6.8708740747626 14.493562265651063 1
7.714639112500854 10.686342780265587 1
9.290552843389372 12.368177706003994 1
10.196487953127857 3.6514399510156137 1
14.861466479506243 9.136730107672156 1
10.77805718043873 4.044774454071449 1
15.221750124726377 9.085860050835873 1
5.0954794007255995 7.780698514437807 1
12.947511240017404 15.720567111193649 1
16.63235616809691 11.604608098448344 1
11.832745545126237 6.656461626156027 1
3.5720166605010073 11.72356832628058 1
7.573426822553477 9.547612602276793 1
11.507857578311897 13.189379946086003 1
8.829235751591957 11.634161539539718 1
11.386804620798369 14.484544163778661 1
13.778058152986732 10.172675055760154 1
15.583159501155752 12.821157178431013 1
14.694528315448235 9.817554204108298 1
11.99941609779775 12.78084438318503 1
5.206828149369516 12.922966111123591 1
11.840130396282413 4.736727303230255 1
15.29925103524379 6.7828005288545175 1
11.965357199082424 10.66593696033214 1
10.560503890619577 16.33250836118735 1