0.141908327844 6.1626351409 -1
12.9895332792 19.7663448373 -1
18.5036988798 6.41247279519 -1
11.8255348819 10.434526891 1
5.2064457061 0.454777062399 -1
9.99783379651 18.2957403026 -1
15.491617347 6.14148997275 1
17.6767996767 8.34796485075 -1
19.687604967 15.9134836481 -1
13.57453922 9.50833340334 1
8.37047108788 3.80990576568 1
14.7074865984 5.39177873489 1
16.1649543094 8.48452794512 1
1.47920107915 2.02020841826 -1
2.35223857668 5.34251408118 -1
3.34050639573 3.8127679854 -1
9.58079152724 17.4143161459 -1
7.4274621317 12.6843962445 1
2.67985855158 3.50378114631 -1
9.14348234457 18.3160202158 -1
8.34088001831 3.73476723359 1
1.64518601767 9.56218920517 -1
12.6139816093 8.45855753633 1
5.0642173894 5.31530275886 1
17.7227391246 12.1823927441 -1
11.6850326175 16.5010118406 1
6.33287423419 2.62440872856 -1
6.01631344246 1.92972140527 -1
13.1780047571 19.8027858454 -1
6.14999058796 13.9638753449 1
12.3224750006 18.520886619 -1
1.18514180635 6.26391051084 -1
0.122400882994 6.70691028886 -1
3.99337088366 8.87682911503 1
18.3840146443 18.7476110799 -1
15.4015063843 11.2477969362 1
0.292856763099 17.4450198004 -1
6.1177225736 18.9467546562 -1
5.03693225563 17.7301893603 -1
7.44101789868 4.15862337152 1
13.5896508923 18.1456598075 -1
0.742861557546 14.196595655 -1
0.525901953557 6.19749076287 -1
2.19135581675 19.4450656381 -1
0.720846455406 7.92823923015 -1
9.66084353052 13.5801780723 1
2.54566662368 9.45090956098 -1
8.4692385831 15.8276508461 1
3.39775420733 10.1638536785 1
9.73807510833 3.06251285915 1
14.2025257267 7.34515271266 1
15.0433249709 0.419318189301 -1
3.6719065019 4.82145761953 -1
11.1888544013 0.407466679046 -1
9.66963566852 9.89108737935 1
4.73161326354 11.4370307289 1
5.70837087945 18.9869106647 -1
13.0135306075 5.80415253187 1
0.421727218307 13.1001619687 -1
16.9551929935 17.8984358364 -1
0.448798146706 11.7823098162 -1
18.1368465014 2.24749287304 -1
6.93786752562 4.88176697677 1
1.46644325459 3.86954512995 -1
7.8367575412 15.2244590637 1
9.37856726338 16.5275251659 1
6.36416931488 11.5692862646 1
3.52718749279 5.30383736484 -1
18.5345255857 14.6475212663 -1
11.7356037831 13.6034626694 1
13.1791927225 7.82619983593 1
12.9763406407 13.5426461452 1
1.22067491975 9.92496935535 -1
12.5080209001 4.04370053488 1
9.61670652198 19.1409187001 -1
5.50968251275 2.00724787895 -1
8.88560409224 7.91349112307 1
18.8614836243 19.6266486087 -1
11.5965400363 2.4950031071 -1
3.63440112119 13.3351362155 -1
15.3918349589 16.0548167883 -1
1.72212868623 2.88411482711 -1
1.69961839171 3.2483988389 -1
0.212120977491 5.91317442478 -1
7.568532603 14.9904774059 1
14.5870056978 13.9813619525 1
5.80022609585 9.48198029116 1
5.3245012199 12.6406157076 1
17.6035251544 13.955418411 -1
11.4978605884 17.7782215353 -1
6.93335956631 18.6847174863 -1
17.5268555965 0.36250621723 -1
18.3673318 16.8455117285 -1
12.8991606401 4.54988400886 1
8.4349899931 7.4424707213 1
11.3363614303 0.474379672526 -1
8.70617733019 0.0130246005394 -1
13.2690456534 15.1380576285 1
17.2785910349 5.69642834344 -1
5.02207056376 4.58627160464 -1
18.8774894266 18.2757503613 -1
5.32791825679 5.75152390345 1
12.330915108 6.13734566792 1
10.9049585902 3.12622664974 1
10.5091110648 16.003919023 1
10.4014655601 8.87260148946 1
8.03377199108 8.93852000903 1
7.17850332877 16.4303367901 -1
0.210382045538 0.8898901749 -1
17.942793139 12.8737124923 -1
17.0861107082 16.0182891921 -1
16.1758360336 17.211827237 -1
3.59166776209 10.2616870818 1
3.76280840163 15.1673333337 -1
18.4148978391 16.8947807558 -1
1.5021195729 14.0559438749 -1
19.0755122024 5.90473877775 -1
9.86227299914 6.04903182895 1
7.20622096002 10.4376039323 1
12.6152844631 19.389247888 -1
9.9751769692 12.3035332261 1
6.18240377384 16.6232082879 -1
1.03210442105 2.41462639031 -1
8.87796226779 5.2525936606 1
2.78311965405 14.2005997544 -1
8.11167884315 5.13964036812 1
5.52413415177 1.17839230476 -1
17.0636403551 18.3728587022 -1
3.88442598951 8.39451462264 1
19.7524546489 12.8804209992 -1
13.6299429376 15.0730246396 1
15.3191975985 11.5188332249 1
9.78572070116 19.502592373 -1
12.4160181316 2.22579788349 -1
5.27110104679 6.98270538748 1
15.824728795 18.0696166988 -1
14.537775225 15.4050312542 -1
4.8233020486 7.56254116034 1
18.7825274047 7.78179208863 -1
9.06374052002 3.44958483896 1
15.4470982402 18.5348753329 -1
1.94315731762 1.37598509484 -1
18.4949676492 6.03907818291 -1
12.1629311784 15.5087965591 1
6.36930663665 7.90254117499 1
4.31604045995 9.50238330483 1
17.0783928038 2.09659350647 -1
2.84378573321 13.0502821154 -1
18.2857704089 14.2532132528 -1
15.3468826263 19.8104790519 -1
4.69854237647 9.48791513059 1
17.3059985742 14.3379663375 -1
10.7845626184 17.1507286523 -1
7.67341861713 14.3117249462 1
16.3814976271 19.2356934449 -1
17.7264396104 11.3107284236 -1
17.3080484837 3.94533440934 -1
18.8280311771 6.81528112274 -1
1.4435698736 7.43095127897 -1
7.65112056819 6.74980402438 1
1.50077742356 1.47170065875 -1
3.45517029489 1.18868112535 -1
8.16424215282 13.0015176522 1
6.31716952634 8.9020270643 1
10.4968209219 1.637337582 -1
6.08877321357 9.54519784021 1
12.0357081187 8.95787416446 1
0.0788111509548 12.3262611001 -1
17.4708315417 11.1367761484 -1
10.5413677246 3.45368127591 1
14.2057123337 10.7662651639 1
7.22414163114 9.39644003552 1
4.55387039284 6.72731691079 1
15.6838351498 1.28460408011 -1
0.652281872245 10.9070527954 -1
11.9727424096 0.286276548818 -1
19.6682493728 18.1012968379 -1
7.81313207819 14.1780269534 1
10.3701812562 10.9942412055 1
7.64106598287 1.73172719951 -1
14.2110440783 18.1437963197 -1
14.4815651004 4.88077040398 1
6.753072945 16.1020410557 1
6.89377779543 13.5919359716 1
14.0308566147 19.0868332527 -1
15.331163414 3.12359443213 -1
7.85096987659 12.9594415304 1
11.0981527644 4.93103546796 1
2.33964721675 0.321871949985 -1
18.2276234119 8.92721213537 -1
14.0159445212 19.650638954 -1
10.3487976876 11.6421136038 1
18.5674341667 7.51690599447 -1
7.77866655046 9.66256371572 1
15.8508698908 3.2288948929 -1
2.82957480171 2.40793127602 -1
12.2162440997 7.27543604763 1
18.1810236389 9.42891378936 -1
14.173620831 5.13588577471 1
1.61307834212 15.39758789 -1
2.01201028943 11.2608724244 -1
12.3270343785 10.208530624 1
15.6939084182 4.53342770614 -1
1.18618862995 8.29267502554 -1
14.8930117001 6.07945772395 1
2.25775024688 18.7777874243 -1
7.94970664425 13.1901771603 1
14.1225175627 11.3110003955 1
12.6040232774 19.4659847217 -1
0.896451768005 17.4538499883 -1
19.4007450468 12.082079568 -1
17.0124547998 6.01233525829 -1
14.0144276914 17.1883880857 -1
5.03161189164 8.78627964891 1
11.8489694579 12.4792152322 1
1.80700358859 19.6452617768 -1
19.3316331302 0.567801901447 -1
3.21889130759 11.1685176252 1
7.71503814781 2.69008510958 -1
2.47880470658 14.5758789601 -1
18.2566391843 18.842814679 -1
16.6371068834 9.78101935098 1
6.87348290817 6.51769102898 1
1.78858871795 16.0687991741 -1
10.0484308149 16.1610258511 1
15.8667884022 14.0483003283 -1
4.40018407013 18.3886352407 -1
11.2014759755 2.00359779656 -1
5.74393153211 13.2958595784 1
6.65633557666 8.60508752403 1
14.0876487864 14.7693094656 1
10.3423333415 12.4455709193 1
0.970858554891 18.4689600972 -1
4.6646988675 16.411088935 -1
3.67034396773 6.31064173191 -1
1.79480923556 6.00858213326 -1
17.8628745664 19.5955862057 -1
1.74839893215 11.9928108877 -1
12.0570582873 7.6421607694 1
7.56121846025 5.56824451992 1
16.796813753 17.8199100227 -1
1.06518139775 8.24069660935 -1
3.42065035512 16.7478223333 -1
15.3308375293 7.11468406269 1
0.799091184538 11.3181973791 -1
6.83429974357 4.14302613336 1
18.0215371129 18.8803054161 -1
19.2471337672 16.3682104596 -1
11.9585007711 11.1213457941 1
7.98622153759 4.49832134106 1
11.0319588731 0.122927236812 -1
16.6588439161 7.32461247612 -1
7.96778761891 7.88281178581 1
19.7139797091 2.35348662857 -1
9.09367274727 10.7801913335 1
17.2460138119 5.79831536885 -1
8.79275367793 18.6249698469 -1
14.3648552187 2.80161499033 -1
12.6298571886 17.9955051851 -1
16.8277019945 7.21838376535 -1
2.2727529275 8.77222527762 -1
3.45342963924 9.36199430706 1
16.9003555539 6.7736137128 -1
2.10969135438 1.35171049663 -1
8.63350712173 16.8514347181 1
6.19690597945 13.6471697497 1
16.1217009346 10.1716815409 1
19.7171367878 10.0177989776 -1
18.0051965193 11.2620220728 -1
6.8399130711 15.1597693151 1
6.46975319452 1.01423555351 -1
12.2623130627 6.60461304436 1
0.980314755342 16.1908893954 -1
19.9292574764 13.678869606 -1
3.94300828232 2.68875215123 -1
19.5303223474 1.77806839857 -1
1.21311984555 6.4882531449 -1
11.3763694115 4.97515427 1
1.64002354629 7.59342180948 -1
16.1785417384 16.6488819698 -1
2.2062596818 0.972824486424 -1
4.40807172251 17.4432624573 -1
11.3309558503 11.8430290831 1
17.362367007 18.7472393988 -1
8.25477567019 18.5174821898 -1
11.2564075687 13.3705295712 1
5.46637230095 7.4072610684 1
12.1748651397 16.5769061037 1
0.108881090456 5.99683442833 -1
1.51302443375 7.72276863265 -1
2.23536658749 8.56328932522 -1
16.9502488359 10.5382730867 1
5.38636678471 11.984825556 1
13.5857512666 14.6721679254 1
16.5452082658 14.993697862 -1
17.9151500039 17.6098807869 -1
1.53833559162 10.9547638983 -1
4.06541193967 13.0023044455 1
7.80820945571 11.1218429098 1
9.64412209588 7.92442745816 1
1.24249458068 19.2296563621 -1
10.3727588587 12.5759951723 1
14.2824099987 18.8763777617 -1
16.1746331498 17.4585980261 -1
14.4148997557 9.78829152098 1
6.76105860251 0.33480015156 -1
17.2321789196 2.46546962608 -1
13.9751916217 13.5186780204 1
13.7488597855 19.0649215778 -1
15.5772150154 1.5882256538 -1
12.2406710337 6.13679781446 1
0.56981964532 4.56570457257 -1
11.7845948696 9.26368594918 1
16.0837895666 4.57004203058 -1
16.3216305081 17.26862585 -1
3.40381276266 6.12530177118 -1
17.0141873574 6.13931753776 -1
4.27143483442 10.6021248093 1
0.0792659756661 12.4762058077 -1
19.0139722018 13.7216760045 -1
16.9697798691 7.42546284821 -1
16.548080448 4.27838737779 -1
10.0009726946 7.18046214264 1
1.86317698182 9.42151460241 -1
2.04832621071 11.2210588428 -1
15.2468500122 3.13214010892 -1
16.0185989645 7.28769817695 1
6.55580465741 9.10914673129 1
12.7390763953 0.99248577387 -1
17.9851683283 7.88333349109 -1
13.5965532535 6.55950556614 1
10.747000684 10.5257613642 1
15.8413566582 12.3726090203 1
9.76564569737 2.77549483939 -1
6.05167041747 14.1769131853 1
16.4190200861 10.2057713023 1
4.73393809427 7.01015789724 1
2.43400223498 7.97606556584 -1
0.486064153634 8.4350501038 -1
19.9733651767 6.62977579089 -1
3.52733792369 11.7956341336 1
14.3914442638 16.9078180635 -1
12.3987687416 2.1136340936 -1
15.5733285147 1.47327004207 -1
2.32665549639 15.2537781857 -1
2.32986342941 8.82818529432 -1
19.1836701802 8.46646810497 -1
17.6182977904 5.14657483272 -1
19.0240451816 4.4154522334 -1
7.14450711887 6.283698328 1
6.91505119332 16.3424508553 -1
11.8478282765 17.1105844413 -1
11.6993040085 0.50142942715 -1
0.928050356313 10.8502254992 -1
19.0685940541 13.3151179585 -1
1.33651405997 13.4686219905 -1
10.4600528831 5.42376317341 1
7.51588564106 17.7437408984 -1
10.5179893637 1.67975339391 -1
9.6483031977 8.25436383733 1
3.35830151072 6.86998299768 -1
10.3675354859 9.03184737317 1
0.52131006388 3.80734536363 -1
12.4798322409 17.4238085753 -1
19.880785072 6.75575185406 -1
4.05258380246 19.1123791206 -1
17.5753871524 13.1645037467 -1
0.188682543798 8.91864906566 -1
18.4492797778 7.22670452274 -1
2.01674706316 0.178195643925 -1
10.0305706901 12.0218463775 1
7.29488378502 12.3199120098 1
19.7582143193 10.4541549467 -1
0.135818040771 7.76393047465 -1
13.6360318385 9.61601073973 1
14.7251641356 9.13619677929 1
12.2004701149 6.27164340866 1
3.3970247756 6.68664037924 -1
5.97021138905 6.12561663527 1
9.14795907376 5.31985219878 1
16.602675239 14.9807870187 -1
17.7096508047 11.3010535471 -1
0.762554159528 0.106712292133 -1
3.30131710051 8.78431602079 1
1.814035997 14.0598922745 -1
9.13076120225 0.598757130714 -1
13.1739544454 1.38895205794 -1
10.2685445528 18.6694642455 -1
9.71709752566 12.7343484037 1
16.8743472691 18.4007149331 -1
0.0406861065115 17.6213207386 -1
6.2828710643 10.646909911 1
15.688151117 14.3487076396 -1
13.5620828065 7.63113525985 1
15.8988033637 19.9549690452 -1
13.9990534444 8.68189692216 1
1.2466296028 18.7679203235 -1
13.8065268972 13.3617563731 1
16.2268602433 12.5097564642 1
9.56985499381 15.6000769556 1
0.356763251425 7.45099683754 -1
9.21764643488 0.512034658225 -1
12.3884027215 17.0974872052 -1
9.00928030581 12.9353309604 1
7.25270754409 10.7650743262 1
10.733725763 15.306714065 1
16.8453824276 6.6858935382 -1
14.0026214174 6.01772522108 1
11.5201973188 0.925941634481 -1
12.9820607338 4.45496827027 1
16.8820432369 5.9745381581 -1
6.3992779983 7.75787871378 1
14.7452803555 11.6072939505 1
10.8858605613 5.97597034544 1
10.8587093566 16.5722721453 1
12.463634189 14.2973194572 1
5.26040355326 7.14215321769 1
6.63242346533 5.57191266105 1
7.16672998909 15.9720709382 1
8.44841289228 16.0614863812 1
8.69133453057 14.8655187875 1
6.4766847948 8.06846377838 1
10.3058056427 12.7636169205 1
10.1779492271 3.2157425918 1
15.2142731491 12.9655326912 1
9.39788278255 16.1625330664 1
10.8434546367 5.51187778571 1
8.72652191459 13.7211882299 1
9.93629458529 12.0591015644 1
6.0833551545 12.1163138262 1
15.1283481665 14.6315383905 1
3.53658910992 7.71210649969 1
9.96580704757 5.11724350232 1
12.6992563056 7.73743173936 1
9.59669781514 3.04679292349 1
4.31546473888 12.5989124274 1
3.67388865643 9.57021687066 1
9.26439844205 11.7020805612 1
4.35263827633 13.3625716536 1
10.4910130483 10.7156372645 1
4.69877584442 9.61816482534 1
3.38845439733 11.7524487625 1
10.5326393393 12.4173742873 1
5.98379187285 15.1961880889 1
6.90005269492 15.3373008359 1
