4.8213705186464795 6.759737220528999 1
4.304040172487831 14.292583117833813 -1
4.838107076706548 19.638341468497625 -1
12.268497878771807 1.9299040380373844 -1
9.787869234350861 18.807285053461573 -1
17.38876383002773 3.825061097091118 -1
14.720627024058054 6.98893468254195 1
3.6896819039565454 13.853975822865955 -1
15.997520435375032 8.986250652946861 1
1.795315810320186 3.0137403558929976 -1
6.720747416331747 17.09720478535874 -1
15.217411683891957 5.951355332334818 1
18.498451174931358 18.386115850750965 -1
9.850861320808303 7.620427345609688 1
12.586603604321091 3.826628615049963 1
1.1368516951337448 6.477436005275221 -1
15.332022263435283 11.272131536617383 1
2.38827910804704 5.850863980895062 -1
19.316706893326085 1.1316775655594769 -1
3.7664770237655 16.43555517235249 -1
16.17301402172477 10.965226924505767 1
18.913245246618693 7.350468816521351 -1
16.196828288095336 11.230656271605925 1
8.373528776933867 19.16155160502236 -1
4.709573347048124 14.341271783768883 1
10.311677882513681 9.561388886152596 1
11.332304684514433 10.799829381270854 1
16.325736401163716 10.423993339296462 1
16.06013901174125 18.671955284576363 -1
0.1279383676293211 14.294038112499148 -1
6.139275501267045 18.544198550220983 -1
6.085416384588163 4.453764713788559 1
7.369820556416922 2.4531876239676986 -1
7.003245127922031 18.19490774129122 -1
13.447019987737015 16.403227992952377 -1
2.02946155356841 4.002026643012869 -1
17.247955366074905 16.284993220448438 -1
0.6573235756672102 10.613718245163318 -1
1.4152636599766888 18.057071312654443 -1
17.362676542855567 16.167003322845513 -1
0.37545491751084903 19.149564603927715 -1
1.5876754563772977 3.2794243246174393 -1
18.35627284425978 18.27794957424317 -1
17.38680637068926 12.510343287362977 -1
0.8223833948337389 3.8564506495454265 -1
6.531610190743624 9.369359584874514 1
12.226532448771973 12.545068260121258 1
16.398904610829867 1.833413973610487 -1
11.631572888433796 6.975251018355633 1
19.492104587320156 15.849709243689286 -1
15.558301721053278 2.941619455946438 -1
4.495271828331113 10.424409152309691 1
3.8011567766931798 16.688689367892607 -1
0.05621464818919453 11.13913834346848 -1
10.557751318127966 14.043685854952876 1
10.583522041942297 18.281860720438175 -1
12.864009825283569 12.643193903905415 1
9.505192556108382 2.7921778359892935 -1
12.87803781093475 19.841724627646528 -1
6.980740183537324 0.9883741685428382 -1
18.20000354068197 15.596280033651151 -1
17.08201917386138 17.637195940721078 -1
8.104390582047357 10.61473956524643 1
15.034153776727477 13.625326667176695 1
3.0879972849011095 9.252524672291587 1
15.86311798772815 16.347689054345945 -1
9.310397202240619 1.808052479886233 -1
16.449466030271687 10.25924354074428 1
6.137344396941176 14.653428375079361 1
17.339452365628798 11.107675846072985 -1
5.755676036686346 19.585182743456365 -1
16.076922619843074 6.96351007312418 1
11.716031666483184 1.5991249750280034 -1
3.350701302372152 8.850062388790294 1
8.188680219282695 0.726071861514257 -1
0.678378488644058 3.2310490563104177 -1
9.548452670130182 10.742277246600409 1
2.508635210871175 9.287511279618027 -1
12.053417851769566 3.793348086198882 1
19.741709568462152 15.033615861266512 -1
11.240313598202775 11.291301114578422 1
13.253562201459816 2.3098557865957936 -1
8.723264226121065 11.946031846645088 1
14.220841926389976 1.4972990793531205 -1
1.7085739318666926 11.310806529610886 -1
15.676847102832504 12.899802010756646 1
10.139562989864437 17.317894612565865 -1
1.7491921934389132 0.9613791230128066 -1
2.164228961437269 19.11385102437508 -1
3.0249207352616336 0.38160917744135325 -1
14.172147440660115 9.814484221815654 1
18.231423179527404 13.221702444990054 -1
4.339979728968865 14.105460806167564 1
6.041171340162488 7.430590485581872 1
3.7883838428574856 2.55194688900263 -1
1.3435814828457482 10.961060149374415 -1
13.282440454512736 14.553682059018122 1
8.373969437629903 3.784033316124231 1
10.549696069705668 7.304454406526331 1
3.0545064145659517 10.053650101463738 1
18.695524766800034 7.70894069036979 -1
7.61157586626823 6.485557310330112 1
0.7797515069883754 11.037457420687138 -1
11.755149028740274 19.881577251582403 -1
16.411134799554027 1.2536817655695032 -1
9.848901369611202 9.007608016030135 1
0.7039332805504417 1.4143374269083941 -1
14.195767275940351 7.410743627495908 1
6.149729449762919 11.097569862761564 1
0.3663276640510782 16.589629580175664 -1
11.645490024415537 7.433342557670994 1
15.16593074613404 8.366780102830445 1
18.892104344335376 16.274168198386846 -1
11.734905463794853 1.6762336169260528 -1
8.929067545448657 3.055119483689863 -1
0.23029374808704706 14.390505466312778 -1
14.54070697978482 7.400367230733704 1
1.9214888504402983 2.627552941483944 -1
9.871103123533624 7.452394882605809 1
11.971214780480125 18.955620620511457 -1
4.5006112675622205 19.105271336644314 -1
5.171494442762066 14.8396412501471 1
15.792368258977207 7.000011420320806 1
5.769403328755489 13.925621753240677 1
2.9421196842108754 17.0631545335196 -1
3.508800276537256 5.2347321135886045 -1
5.76125919177896 8.023992266699288 1
13.496510209523581 4.965365298285331 1
11.17367971069514 3.909589269627447 1
4.995150747145618 4.431155014723687 -1
17.8170291373025 11.980321149181076 -1
17.08014664778943 19.213196791850223 -1
8.726731864320795 2.5435348403369185 -1
8.514465741006243 7.34235009047719 1
14.783349940529453 0.9611037295872937 -1
4.693836602003458 13.80015814490818 1
17.379040948580766 13.900076124605885 -1
4.956283754620228 10.190013950755821 1
14.68215621788177 7.308855721065353 1
2.6497207033566395 18.34217637096809 -1
13.800846951749977 3.47009894218955 -1
2.0537811500911163 17.457281872924934 -1
3.6125412740850193 5.896268993125197 -1
6.8053327918750695 10.265901959994375 1
19.540816572816272 16.43068617461089 -1
15.9256785099032 2.630802660057241 -1
16.644029430752006 10.014571803321406 1
1.4703030591499155 7.219740167297499 -1
3.680193305977555 11.27959602925227 1
7.011034955756119 13.764787700486565 1
18.429213361296533 0.5631945107235126 -1
3.7046666090045055 3.3483047200984206 -1
12.035822567653263 11.618540014735139 1
7.645751460192402 0.7461974670443583 -1
9.108449341453715 15.256905366117099 1
4.645402130964391 4.487278544709565 -1
9.75510450349551 16.479758617273042 1
18.863626161172714 10.622559645526126 -1
12.57059576645938 12.342084866592032 1
19.2971675114618 17.44240206201281 -1
11.650828268657015 13.648713185753959 1
1.5698556598580105 5.444882850994781 -1
19.345633315518086 7.609421352561945 -1
13.71590987448231 15.524941722456871 1
3.444701414657989 10.305606011694257 1
8.511465541159174 12.342080646212747 1
0.3299410894371002 14.797184787525916 -1
8.297174620252923 2.0505309022913587 -1
13.149325232082385 7.51869101014071 1
16.55821806606103 11.063326692399118 1
5.151011378156878 4.4915184026264265 -1
18.95351584887734 6.547320875131666 -1
14.982583970513065 14.572773140234766 1
8.32746506519344 8.973256074077012 1
14.305086707672965 11.444028241453362 1
3.4812324350177404 6.646627918909676 -1
10.060182137655367 17.400392662125537 -1
19.85595983548048 2.349489532565292 -1
4.87249658071738 19.896581081327373 -1
18.86805787434124 15.116939804080182 -1
1.3320501050598055 0.5992549307934714 -1
5.019888390977276 12.70489728777283 1
2.2369871587652534 18.24333015742119 -1
7.876594189732011 7.290670706953377 1
2.984007294677118 3.4128801526241337 -1
5.219859214523805 1.6413408792467554 -1
0.8577663954790982 8.710692393082285 -1
12.050390784104223 7.835748274290797 1
19.75653548666036 18.407479976204545 -1
3.708572960383869 13.08800293048846 -1
9.55245577039414 13.860393191545509 1
2.4435296732375322 17.4166048856953 -1
10.644872262457262 1.0700704069215972 -1
18.014889348084818 7.075682615783543 -1
16.92266770305189 12.281768248485239 -1
2.880606239547634 7.636932015630283 -1
15.342170931161958 6.5969580755136725 1
14.870529315796796 4.854116180362002 -1
3.9727235038666175 18.460417472291542 -1
17.215448975861925 8.061675810225674 -1
18.43261081592412 3.3755123122738406 -1
15.152226136216855 10.656395670187361 1
1.828679398119828 3.045269094299836 -1
2.827767511552002 6.992060527728756 -1
0.3301881613715363 1.3652494153018235 -1
18.704712552900162 18.8659058526367 -1
1.5504982148826296 4.4970465685298215 -1
10.17805237770669 9.618924249682728 1
4.520610186486498 5.245473550955568 -1
2.9290665981708885 8.061067448373683 -1
18.953405165021582 13.918691849670372 -1
2.7601328701706818 7.799219062704799 -1
11.516215136323368 0.6958395083453195 -1
6.758531791534228 5.850614929616129 1
14.316525947737944 6.130981989447557 1
8.809885641688918 5.790468344136164 1
3.8132840129409162 2.8491615834819317 -1
1.237087921605935 1.5257984103205646 -1
19.118306809019913 10.061603986146284 -1
4.0909095419641295 18.80684916817206 -1
5.323741649965066 2.332594797366623 -1
7.420487226577823 5.571864338918036 1
3.6017886315933945 5.275973831672085 -1
4.535377400301497 15.871777740157116 -1
11.442100827658141 6.245914950223117 1
6.80001651198852 18.563473797056965 -1
11.041144304775074 0.3907972216184974 -1
14.244812551629174 7.61960912470723 1
5.798232219605612 1.9196189666886565 -1
1.7479852536647456 0.39051903275826305 -1
2.203299478656622 12.105608910435745 -1
2.9703638802698396 19.135517436229044 -1
19.862969618327035 15.87013214346204 -1
7.670365864758423 0.8381054508117458 -1
8.130813409556039 12.949102361709954 1
1.488759617965112 7.085324046400969 -1
2.066348430387779 19.426884774699772 -1
6.454741222710176 10.19889122078336 1
10.54670733917753 6.496494678348828 1
6.710439192022166 1.781435561645861 -1
7.898862533309996 4.692230891066584 1
6.815960949299762 17.946565931380686 -1
3.930009333372193 5.583753150806087 -1
11.483237739055525 0.6575097748248226 -1
3.2068123565805418 5.17341039412492 -1
8.255897740038755 17.426762252222577 -1
5.437120862958825 4.87702733625601 1
16.445575608014412 16.688344119636355 -1
0.8497157320479443 10.216241424334164 -1
8.6065141889637 14.450072447643397 1
19.805863793449955 15.178937937901358 -1
16.136004608635325 3.5519636994032022 -1
18.848822585643607 1.055629192037535 -1
14.235123431964196 19.300243228138307 -1
10.880158404233534 16.22599790400109 1
0.8145890501878195 15.499639763419822 -1
6.328418335265518 16.17938869865631 -1
19.28961523725943 6.4775989917541255 -1
13.473023950590125 17.05245339752436 -1
10.020679074804178 15.36215720959124 1
7.450548023740506 19.407880341868136 -1
14.767274073788371 3.9913325256291254 -1
1.4814621321790855 11.610009228241731 -1
15.423174166338816 17.892088899886 -1
1.7380235781283626 14.209060485870353 -1
2.348474120696913 17.747593493845155 -1
18.81606739399432 8.677315023771017 -1
5.775909678130908 18.34844540394386 -1
8.637717946136627 18.800288139105817 -1
5.051337309778148 5.844099457387979 1
19.335717727367516 4.606233394085512 -1
2.7098694324324857 12.86640989687373 -1
11.173585045141303 1.1954102871570749 -1
17.173661106241013 10.240167038687888 -1
11.134159590077575 9.067034018293514 1
3.548658178225741 1.999206829472997 -1
16.835772128200986 10.016255592798913 1
7.1779188681694865 2.1333947890743477 -1
9.251774630805256 10.642449582363065 1
19.987292423568782 16.769417275119306 -1
5.597037039588697 8.77580261143615 1
8.185009239777212 9.145520951331639 1
4.4790371489058405 3.4760346826736743 -1
19.346124243953252 3.9860460682834664 -1
13.959197226942784 2.6744720710820546 -1
17.80292816059044 3.1535446217177077 -1
18.521145007947435 0.5969215868810229 -1
13.58957096309833 0.8596726028656421 -1
13.108416923911314 10.70031344653234 1
15.09234414416671 1.7158610744991076 -1
13.173357309885212 9.12222930031369 1
6.295143728564552 18.38636158029382 -1
18.27186031184028 17.54993636296571 -1
7.5064710634187275 16.216844769240353 1
16.842647508072403 0.06150765946128178 -1
1.9104183771702377 16.770790489374637 -1
3.5522477543552067 7.064178778523078 -1
14.351609743469878 18.459352687761292 -1
8.653903943737076 16.563311509320243 1
4.837947894483705 0.37134115063856665 -1
8.507492319662116 10.07574156640478 1
16.534097720316087 0.3542590237623111 -1
18.744420906920027 7.462117354214319 -1
2.2669672894294424 19.620606554112165 -1
18.80293965672108 12.310086144140314 -1
6.266586753187338 2.7079258342230683 -1
18.82216951017044 19.968291236690995 -1
19.236416383264803 14.223235667815343 -1
9.687173329225303 11.396274082552742 1
10.461471407410865 0.7446945177934161 -1
19.613004398733548 4.260116653275605 -1
12.626778622744503 4.421519764001964 1
14.756242767645958 19.777617861850388 -1
12.640043526154919 4.7138751909495 1
18.431899518317742 6.324971815906945 -1
14.60029942087906 8.034163254832762 1
14.518931379763579 10.986360791745426 1
5.515193753798835 13.638826169348182 1
12.682062417193002 7.806834687072617 1
6.0318853541038635 1.4045914373920487 -1
8.031686711130195 5.827385393869385 1
11.63084160554422 10.490110797253697 1
8.366202280935022 9.592399702534088 1
0.7769830167605529 8.173752594106977 -1
2.7018170886756465 13.465152403196148 -1
0.5994733615940273 16.46482897606348 -1
18.44705689041293 2.807422301103595 -1
7.032349509164304 7.467493310570392 1
16.960482057510625 0.8374978311869419 -1
1.0245471174428844 19.28224696111673 -1
11.49118613048584 4.254546424829481 1
15.9259126399776 12.90038610988322 1
18.049220536824514 1.8472105855898358 -1
16.904866252501982 15.820044371446592 -1
7.1757775733504925 3.022765754768444 -1
14.577921599624142 17.024227902631807 -1
3.9333482036845124 3.999272704058119 -1
10.013660090866772 17.288315063145145 -1
6.121806632183908 19.468201214468483 -1
9.598845951197067 19.409217851082097 -1
4.058180008689121 5.185190902258827 -1
19.560916501408833 8.639517944800065 -1
0.48370764448614434 1.8712446875464162 -1
7.719462841256446 2.6111752919776587 -1
8.735627600889817 19.822061733172625 -1
9.856236898831261 12.415541218972681 1
5.737016126287518 4.75328858577349 1
19.26636783460743 1.1111791741646382 -1
10.820591246303508 5.004094857936183 1
9.471030125042644 6.3501474469122865 1
10.719248841260383 15.95749080650079 1
18.0386906895027 4.127734386059487 -1
4.331738629860089 2.206578669605608 -1
18.372601879137243 12.47564203907258 -1
11.081451543473797 13.924703551206765 1
13.745234756367115 19.2905670781311 -1
9.576788985865171 8.66435462963369 1
4.890816870351382 18.92139201367849 -1
1.190346092482537 10.890340352276572 -1
13.939707505506416 19.669340530110084 -1
7.024140709654532 10.648927263996246 1
15.899433343832863 16.444593502153012 -1
4.942777282022774 4.576663489096273 -1
1.7096432682199203 17.428119081422935 -1
4.589836656517512 7.713174697990142 1
19.41223281586423 12.861833118557325 -1
16.83972760696793 17.741379727006876 -1
14.847949475108184 18.900732421620702 -1
2.6456901915449693 17.92050337756468 -1
0.6044078989378598 18.943601653780863 -1
18.9252583220201 0.0432646611895926 -1
17.513134112215095 0.03667192999723845 -1
6.203293471661578 13.727743113004319 1
8.431740983194311 19.16812815193945 -1
6.793832516422873 16.716550475314758 -1
13.549849698902685 7.845167198900704 1
3.5207253605005473 9.419952959688842 1
14.940038926048844 0.26533975323903336 -1
4.448448434592391 17.29627436568004 -1
18.82080301504149 15.513258813355542 -1
9.002085215432656 3.497674732767291 1
5.5485272261392105 4.713152696311981 1
15.065656558945 16.593839399823544 -1
7.646222946548802 12.416692016259372 1
14.163377546690244 3.6534156774889626 -1
0.38228121948714167 4.2914905767747875 -1
1.7061109616956993 13.533659669942391 -1
11.436040893224773 8.494813512634188 1
0.7473100966765944 0.3713080944449043 -1
3.7120174731387467 5.487745962755673 -1
8.550639979381254 10.770606305424149 1
13.448347110769902 16.63536759339283 -1
14.624847001187455 5.161712171405092 1
13.151536116740761 5.841845105586008 1
19.80766418766659 2.617821876799642 -1
15.40670562791247 9.68386128671851 1
18.677715447214716 15.729603442292046 -1
0.6673824916405713 11.860094529065801 -1
2.0236201913286855 19.1232617314397 -1
15.293269177488098 13.278637284134579 1
7.634334196202246 15.317995408758012 1
6.193990510050861 17.034891261016384 -1
15.677507375159465 5.028624980071648 -1
1.1700398982581173 15.45539174132645 -1
19.294869221934306 1.1842420768991646 -1
10.619749023374087 4.04334941889426 1
15.312398661986212 13.80569159630095 1
18.44400342870613 3.551694550670157 -1
6.240823923108898 1.0478101997883948 -1
11.736972037217308 5.837949755588589 1
3.5160018754926603 14.753145188544627 -1
0.13611051378713102 10.72087952185947 -1
2.396662611043947 16.200165763295015 -1
1.2603396643932574 9.512866069037027 -1
3.8669250739980066 4.692933131051911 -1
17.171819567795648 3.5584393108234025 -1
4.677839824877273 0.5120192975487026 -1
6.770766141468756 11.953084910625586 1
2.2621910955890923 17.6583216182882 -1
12.319588547770495 12.852083802998223 1
10.855857248889883 1.444565247218521 -1
13.295915625951846 11.263559485731562 1
0.656162064640875 12.301196855128268 -1
12.399926051083117 8.338529973042345 1
18.444650619140674 11.105445797124387 -1
2.3527791929845954 10.219026284364535 -1
8.959566140341227 5.296608711357413 1
18.528664831131234 3.689033747326498 -1
2.102141038544225 0.7041792861699769 -1
5.088112173295169 11.105523513432829 1
19.25514516634718 14.187703737305828 -1
19.088384423049604 11.68317155282816 -1
18.84529478450691 7.447181554316817 -1
1.1580402186529426 13.31682529951319 -1
11.591990734604547 15.270354121712801 1
7.508252216061382 19.57079774143809 -1
14.323715799340054 10.821485029426157 1
4.269892366894734 9.737864206201392 1
11.463649621845871 14.206219095902412 1
2.560108558810361 14.556328083404452 -1
13.051990058619015 4.339911736385982 1
19.75040324584063 18.63341402208804 -1
9.91859888075117 4.369174178209745 1
9.142637939430836 7.708590696192166 1
5.2446657846937565 9.788721735546822 1
0.42505322183517213 19.028700111675672 -1
5.720809598304903 11.427444860643748 1
8.817101662706708 8.737483573357594 1
3.3740303031785213 15.722976034244844 -1
11.954056857352267 15.580650166058811 1
2.723750855530851 1.5216982374493737 -1
4.14278158917301 17.12165512363453 -1
6.994618154805988 11.720349312599554 1
15.672372901319985 8.07859532649951 1
4.1679791684758705 15.635472873450567 -1
1.960431427857221 15.576679620179005 -1
10.746544773570552 11.780657066800373 1
12.742849396989255 18.260599138358742 -1
3.754235310143792 12.412307864331094 1
10.792953677444068 10.150440524416817 1
13.154221482469413 13.075688922127028 1
11.42363768200801 17.71790504315694 -1
17.264333126516824 15.38851621416217 -1
7.8409036234496 18.338892422927245 -1
6.895241486133177 2.596785832578772 -1
9.856445093998543 3.190107934679993 1
12.182706630188227 5.080386054317136 1
10.675516396257716 0.3702442321683841 -1
5.805205920912895 10.814636592984836 1
6.930680852502453 16.39438065670125 -1
19.688038331918925 17.87991699958814 -1
0.3506140684260628 16.21093722951305 -1
18.395196000217943 4.617562051973019 -1
11.64734981283685 18.416640708172327 -1
7.0284910823347175 7.446639165224289 1
19.43532036438335 12.88412181857887 -1
10.189183208837196 16.725775896168948 1
2.562769346650544 12.861888774212417 -1
13.783151166413322 4.629119001140181 1
4.07525225308826 16.40215493629117 -1
19.05538859401626 4.061924429274539 -1
17.177100642297475 5.321978041168574 -1
13.026439677922106 12.498400396849835 1
12.965444342657065 11.074188715194841 1
11.010662230166982 2.9183871002063877 -1
8.269534447771427 1.7191337072113044 -1
8.799141735488906 13.403948446377647 1
2.634452006400665 16.123168287590527 -1
16.538304190719966 16.107381264346266 -1
19.567203829952078 13.340021778727756 -1
3.973260241225931 0.5742103707458157 -1
2.009631812106305 4.930749330301792 -1
3.779189060215624 8.801249332229116 1
6.281877492196606 12.012524510640683 1
2.8164199035918536 0.8312819881328504 -1
1.5379449874508633 11.679717763733695 -1
3.496262335247584 11.06599444902194 1
7.191682686801599 11.911287815152358 1
17.728310376430173 19.752170830674896 -1
18.923565334553107 6.827626380147425 -1
10.713710421633708 1.2317417105404571 -1
3.8856162198871735 15.154102743938637 -1
0.2784272742113081 12.663119308993519 -1
6.638415576620562 8.02075811484832 1
8.144346767583123 5.000730837306904 1
19.900810338007275 13.978323303915175 -1
12.346310119815582 9.224635527628411 1
19.21953640546229 9.049357291455603 -1
0.617591734540226 9.014263657363266 -1
2.1116304071212655 19.942328425126547 -1
17.664873005848506 5.1440455844293425 -1
11.531571914852973 6.27984491867831 1
8.256260802267938 1.2356504379069855 -1
19.540346608448086 4.953197174858852 -1
16.44849196443762 2.4684036770214557 -1
19.49449757888885 10.742406247241485 -1
7.446128123200717 1.3833072594589968 -1
16.191108066485548 10.833078511178527 1
5.43226800172074 6.810049296995517 1
19.502503383214673 12.855672531047208 -1
14.228023244701948 12.161460050674906 1
9.001950828967102 8.791900138925307 1
8.81165559110162 11.515619539027819 1
6.3053373982146255 9.394664485720023 1
11.901500395249103 4.061985505583332 1
18.96664525892975 7.748707087785198 -1
6.1290188336796225 14.001568474332517 1
3.565452310467254 5.365497006802302 -1
1.7930123385927366 4.756658374831286 -1
19.89353103396723 11.190293856907047 -1
2.6172470291606498 1.8980841799520087 -1
10.31816617030788 6.5063573060401 1
8.433217795520118 18.329882032206058 -1
2.9311331879926916 16.156737765000507 -1
10.58204238165304 18.034795719259296 -1
17.037202434516686 3.950458258670728 -1
13.456107084063294 9.391226328662237 1
15.585832334764358 6.65365100242866 1
13.73153456275694 13.999675688945288 1
4.069033227563594 12.30345338083658 1
17.979834134651107 13.77558118071327 -1
9.93700290945939 2.7531976130101765 -1
4.933956830632942 3.2639145837217254 -1
9.210777855326489 3.3382031528627754 1
14.030923204033831 11.319158228498685 1
16.209757817946166 17.370637793267132 -1
4.669445466934981 12.212081937833737 1
16.330503781589393 3.0104389813442833 -1
5.741749528098845 13.354145645723426 1
16.461071330051 2.623978554353492 -1
16.59988034738641 7.448086144255772 -1
12.287497105320073 10.640778473516427 1
1.060995977099588 19.871975394767823 -1
1.5220055149486988 1.8595153628471262 -1
14.722003160225185 3.5670443466132307 -1
7.534326737044732 12.36577189631321 1
7.998421095140231 4.4259276826384175 1
1.777582509050737 5.769018616257151 -1
13.182009372176598 1.7046909650228814 -1
5.6027602315316365 5.786740996921573 1
14.355483104851327 11.04007747249369 1
5.026261107026093 16.822764584153532 -1
5.614206354447331 15.367392334344249 1
1.8756975591151392 2.2159092925968538 -1
9.019783556587047 12.219253369890918 1
16.319807961518848 7.162590797976627 1
0.7280989743556554 19.517276909859465 -1
8.001923523675705 16.29604421989537 1
4.524878878358047 12.573857786558854 1
6.397769571787686 5.363844229316761 1
0.7702510265296492 5.667123800324044 -1
7.777254122060057 15.71080133817378 1
11.912803360107691 4.988388744036403 1
13.515930194098939 4.262126209312762 1
3.56535021875922 6.154989857911392 -1
2.415704323859411 12.399605023197875 -1
4.812447979634369 19.285024896757143 -1
15.084809613236558 4.143770628519869 -1
17.910582949986807 0.14637131495188305 -1
10.524055999423929 2.690857703088745 -1
0.880750053421655 5.0951894582643575 -1
18.81505007210214 16.998400791159007 -1
11.681824104088076 9.34197187856528 1
4.76281935866901 11.086192277877858 1
2.407021093931767 2.955956094938905 -1
17.719285008774154 10.335142194023303 -1
11.47156852549238 0.46927602937406165 -1
19.951087909074946 6.603455031149337 -1
9.703586640139568 4.457460057135359 1
0.2543540494189611 19.61929277089795 -1
19.107622709550974 18.06519762116403 -1
10.888248589933397 12.497231281469503 1
1.592338452852704 14.371343786160576 -1
11.299463925991377 1.2764708520316348 -1
8.946083956669948 19.89438390096844 -1
0.29680750747618445 19.41292689935482 -1
0.921712960190928 19.095080196322215 -1
16.600736149219518 6.8482360900721755 -1
18.022885161427638 19.31470404985163 -1
13.686835862852204 6.934270720962776 1
14.30029164563862 4.786602753032967 1
13.027281701174477 10.362057031293823 1
15.175860868014308 12.224329089644947 1
9.062646117205563 7.359040138263722 1
7.322300726907782 15.20121421144099 1
10.777793348216056 18.24689392656779 -1
3.0176709482451436 4.2613154620204075 -1
7.218903931917406 7.644208368349792 1
12.033459582833444 8.110998015795879 1
19.058812654170257 15.403331077664422 -1
18.39271157952433 9.765413921298602 -1
9.430610074015195 18.52873203601619 -1
18.880606776932844 11.094462400961255 -1
6.968579442527602 17.457230246366287 -1
17.76167393260979 17.63278236172193 -1
9.950377536112313 7.381244304878967 1
14.94170326590995 17.348463872893223 -1
4.992344334151728 3.9119622792360143 -1
16.934825094322733 3.343787630055204 -1
10.017184832425116 0.049807248747537614 -1
1.327528066017487 14.596484275757469 -1
4.097110557082921 14.284654658501477 -1
18.872955739643725 5.606051687202931 -1
7.407291787998574 5.209651803490498 1
13.901116238654549 1.9000641983507127 -1
11.708291428699017 5.854921768987536 1
7.806477171649049 10.645467687459345 1
6.810607736863945 8.5073592383739 1
18.16117028078043 14.612604403321647 -1
0.9174052762421647 1.379857165854963 -1
19.977026963157783 10.809130361446435 -1
14.372922260057283 4.05958987688523 -1
13.318711597645216 11.822960206275962 1
19.318619792854054 16.770605471696935 -1
3.8323512080564215 7.025165758476035 1
4.924619700298647 5.271617681233607 1
12.554030766009472 5.80125286635586 1
2.3574144541979636 16.897162023815948 -1
18.02076702831879 10.177714510899325 -1
14.163540131178829 4.498692108173867 1
14.08785461419752 2.2701634844005514 -1
3.2912855282672226 10.367878522084577 1
19.459136337859345 12.700459902768026 -1
17.56536086191605 8.510215566799715 -1
9.263406704956225 4.315143799379923 1
11.507323169010093 9.308339121872224 1
2.8779784607328684 15.654437365802032 -1
2.4627557114897836 7.6177082181656885 -1
14.67590993303836 16.942725452086073 -1
17.918381596409972 17.352309298342078 -1
9.28273605298969 18.14444886718047 -1
7.555817249349004 17.401306601006613 -1
0.4674985965977396 14.085472731967938 -1
3.788986177626754 10.669034934256697 1
17.6137243674371 17.596490841923785 -1
14.112413059373273 13.891100930329742 1
11.438722427196918 1.6182064409588204 -1
5.333023265088562 1.6489124440652647 -1
18.67673199389615 13.815127741248217 -1
3.8588472030657806 18.461174742156793 -1
17.776368371207074 17.168626929253556 -1
2.3306527805627986 7.182814415965709 -1
11.782275016712575 12.98000390209812 1
7.378441727706719 8.562187154382684 1
12.45756309783097 10.719978040349659 1
1.3285334335211663 4.989420321041265 -1
0.09455565675646538 18.454501694968663 -1
0.5337575646193171 13.321627335709149 -1
15.1977711972561 19.016656369531255 -1
7.676909405486949 12.65843717984171 1
2.200824196345854 1.2216741373755768 -1
8.35241362589652 19.359344873468082 -1
18.10066643307274 14.425247486701014 -1
4.948055492374657 4.305343330409963 -1
1.3630482224044527 4.887255207315198 -1
11.89835052627191 4.7734335267096455 1
8.729802617125584 17.20381725440188 -1
15.594815482642563 9.84476474204125 1
5.158396719140114 2.367148663389209 -1
19.327438729265868 5.290714932820544 -1
9.096950806070216 12.735118831243213 1
4.831117022917484 15.33406732580877 -1
6.706936811784596 1.6601305737192718 -1
5.6200301112765665 4.736124661177095 1
10.845834608587877 12.906541120469546 1
17.4236777770241 13.25702013741719 -1
3.049732935881999 2.0393300124013236 -1
19.45552031367989 5.001837698331348 -1
8.189233992533108 4.1438147146114375 1
6.6258685293558255 16.795483002766343 -1
16.192779271327385 5.166711123022781 -1
3.46572647764952 19.322172997501696 -1
16.902259211508692 14.010440530828404 -1
2.2243486489719833 6.047754093527217 -1
3.954806218319431 17.826730431810514 -1
10.068387916517626 5.840324136635637 1
15.471225002993489 6.457188122935182 1
4.103935832791452 9.815119812413474 1
8.860417044453479 1.7915714036626862 -1
8.55519098994777 18.103405575557655 -1
15.549846218618345 3.4030847313257517 -1
9.327069062105807 9.846965381192248 1
18.785490411709233 18.01396652283565 -1
6.590952988702011 9.003995849719539 1
19.247785397591834 12.82126301362127 -1
12.55161225532679 6.265333510722635 1
1.6826618888085632 11.438664191494617 -1
9.548692788028363 10.614286066639757 1
6.145061822165603 1.1670305298055528 -1
5.30644328720133 9.818876756533045 1
1.7635014056244924 17.536597258611337 -1
10.301654991460724 18.434442308084588 -1
8.912521390273639 16.63543911771161 1
9.613517486466424 0.8007100104031672 -1
18.94378141037903 14.53214776601101 -1
9.899555613729685 1.7627592316194018 -1
16.449163567142055 4.082349385236757 -1
13.528867881987775 8.116719809217258 1
19.045439935591016 18.34083302535757 -1
10.730735852179357 10.740128426149207 1
7.875730461092281 13.324046395957577 1
5.940986168995601 10.120534548136494 1
3.532809386582998 17.208628340262415 -1
19.831445703107335 7.6144762637659085 -1
3.2572585838727464 19.16075933572551 -1
9.55924497365566 18.350744142112806 -1
0.1304860831355592 16.32145378525906 -1
15.07731094425515 12.212110375270242 1
18.88250982701582 0.2680130420130977 -1
16.01534298910137 1.046807625852515 -1
19.508306613465223 13.527067623320644 -1
2.41091819588211 4.467465364123688 -1
16.026053607219797 15.33319402880019 -1
11.798339611568714 6.8350580183385645 1
8.319786259451124 12.890352750209253 1
7.4580839970764305 9.754963913031085 1
15.701234401149836 13.986713308665522 1
18.667130006944067 0.9515237273412613 -1
14.480186130256138 14.745184125942181 1
15.270317355627373 1.7608681248541336 -1
6.240461971973151 6.642991755672265 1
18.052717468029037 1.9647063277300236 -1
10.511728856168524 6.520115431541003 1
7.8058682476503005 1.0939933153828174 -1
10.71951024960778 11.105524553989873 1
15.18566933344294 1.250791754329481 -1
2.103386284734179 8.91156497224955 -1
16.611176078169862 15.477308896956457 -1
10.929337938802288 9.683326064714855 1
0.8958640603657742 4.913329583578854 -1
14.751589788365788 16.84625827222303 -1
17.873774615006273 3.1280426643501147 -1
17.88887222881074 6.549451106868296 -1
5.947772943292429 9.170584065340304 1
0.6434581676294027 7.0604291065159135 -1
2.196788246653625 14.743666507827736 -1
5.161093416931298 8.741144054734711 1
12.75846303413793 12.36551069772478 1
18.305478722073637 10.726942814074299 -1
5.076428064479774 10.227337438784144 1
8.934198388637997 14.649813896986794 1
4.829290278013911 4.455477064284592 -1
16.216394292750877 18.58014604455091 -1
16.099861142500636 18.55673755469757 -1
15.946949506470812 11.172495066823544 1
1.2690809847223328 14.402978556635652 -1
10.942723451584033 11.375637760816389 1
7.45104469979889 19.701898952811476 -1
9.99312623821828 8.371001612929641 1
10.81271900928943 17.74254170646154 -1
5.882615709593095 5.778059879695682 1
19.157301962707074 3.573748130074237 -1
17.72634326170426 9.339997026163404 -1
19.529651000034892 1.5626037901765288 -1
16.113874449255693 18.527952638379684 -1
4.362049517273936 6.600733366453264 1
3.635794704201767 2.740027907703557 -1
2.7048516432674474 0.36227553224313036 -1
1.5934323985037313 8.947267304786655 -1
8.909109405350002 13.712663526645299 1
2.707077689008921 14.41848606518068 -1
14.19784664685876 10.356821995801264 1
2.406956627357024 16.52646526191347 -1
3.6400239095173226 5.992796769745599 -1
5.570769043412495 19.02887406950792 -1
17.60486159245398 17.29694434849316 -1
5.340146070577589 13.193840225245081 1
19.094434754539872 4.9735582907897635 -1
1.4354782857832205 3.6682263193503917 -1
17.535513601162783 1.0970795976425896 -1
2.268417161892564 12.392322884951298 -1
11.435410435741604 0.9864576599720176 -1
15.925840611231552 3.0981875277030757 -1
3.5665169156935983 19.143914861218803 -1
8.998938039755153 16.30712136440825 1
9.745091863573494 19.711469783046994 -1
2.558687030918043 18.931924007310872 -1
11.923360302690124 4.333968160504305 1
17.707576898448895 9.715878844205788 -1
4.02761872631282 1.7981397539070643 -1
5.660261978876866 6.171828957240537 1
7.643876534728131 19.464481592292724 -1
2.5815643057989646 18.3159118263272 -1
0.22720412978411764 12.351788990477466 -1
13.863307172900994 9.819918325713237 1
12.821219924106078 1.3847608197845207 -1
4.622233870904358 0.6414035412455088 -1
0.24369858207897277 6.111662645334164 -1
18.610901722493185 17.488233016524312 -1
10.947528321162883 0.21367434329696344 -1
11.63051884908782 19.807847029735324 -1
10.75584053802747 5.121281817803094 1
10.71066250369471 17.736243080248368 -1
18.399462361391784 14.6378711524095 -1
2.7671425963818796 0.7978992674211272 -1
18.91836859556914 2.797753890964676 -1
13.055798577936885 1.4584474893609145 -1
2.9459606827926144 4.087531824027408 -1
13.543678817553488 0.9977782119017431 -1
17.401010904392898 6.290971363863537 -1
4.9840218109638945 13.540456699203405 1
1.6060900762990982 7.950426103673518 -1
4.606366258062817 3.4062398410176042 -1
8.587509477823849 2.9128004540883423 -1
12.00585862674789 8.761329882553364 1
1.8052591736466694 5.9311086741419805 -1
13.21818765054287 9.4023538384144 1
10.187710810252995 6.967634830302036 1
17.270210407991936 0.8786249950242175 -1
1.5871533537194638 18.3349824297953 -1
13.238414772145877 3.7361068818339604 -1
1.5621455152721953 0.9905885082924182 -1
17.345161222393056 16.87250758269448 -1
12.112843676713519 17.53733225708818 -1
6.725401488670566 4.147019844722433 1
11.115554444423559 9.203106792712937 1
7.699311678781884 13.28422875484135 1
8.93018289287464 12.498284727779971 1
7.645442704628291 4.188198670188461 1
10.116603868228486 15.090066675258822 1
0.5535632581153327 16.91392599898134 -1
10.672269023940208 19.16999235032391 -1
14.52133020506016 0.03998272042706308 -1
17.199742380344038 14.523585050923778 -1
11.208232179522884 15.922776227701448 1
6.482976710178332 8.129366193036851 1
9.217953572466586 8.327822927629631 1
10.501881758631146 16.223912111798295 1
15.392404071859865 9.182676503062893 1
12.010611233537272 10.22279137857321 1
19.923083751870557 1.695504287302092 -1
0.6451008581921625 17.306657523170102 -1
14.553187283000646 19.272051738696774 -1
7.994272781979559 15.382532293413991 1
0.017562691675272468 4.490274860506014 -1
4.6253342741321095 1.1936326102860173 -1
2.6334805233009106 8.03980951442483 -1
2.6518267254747774 5.922153314177752 -1
8.757045538960956 8.994816682203783 1
11.601293970429108 10.08633677559678 1
16.79921320947498 7.587060070894331 -1
16.235911184400972 5.980494816980643 -1
14.311303417549176 5.274800415133143 1
1.0073888864821257 13.40717326276416 -1
10.880753902165 11.320974922851569 1
12.123966433247997 9.911796224571251 1
0.42441240885630505 6.672888674768014 -1
9.271745761341583 7.788282147111943 1
17.424185101865785 11.819585965068484 -1
3.0120938101250228 7.23088842517805 -1
6.6554518828966085 7.4289767644377 1
14.22780017539541 0.5566589646785824 -1
18.865536662089486 13.872716215071236 -1
19.23248665631929 11.414506955496808 -1
16.54279310571855 16.30359726697472 -1
13.778165189923786 5.230114739513743 1
12.60245720515628 4.774339469594628 1
3.6752359209833196 3.1909120963582915 -1
0.17797789712072243 18.29681993181667 -1
5.225187124793611 18.12011744921363 -1
10.508009896827176 4.327402051559101 1
12.42399222799511 9.827595861879656 1
1.4721948978733912 2.291358947269344 -1
19.443683129289433 16.405853983557567 -1
3.2324776902283547 19.111550350886443 -1
7.917775067276233 0.8326683273683377 -1
16.49554738677555 14.22011455481606 -1
16.625352773620385 9.966664854560996 1
4.734756212994613 12.178577236150634 1
4.980104966045675 11.455840719808057 1
17.01561931896145 10.675179348748232 -1
2.516131417277887 9.91936123349144 -1
5.499802869549395 3.1259432184268054 -1
18.421542148151122 5.580069593820632 -1
7.134829842317321 15.138080456532288 1
1.2573522576437512 4.857882280129759 -1
11.75664112122606 6.355215933388891 1
5.701205118421459 17.409344471829286 -1
11.264784456277754 17.602356867692855 -1
8.847381902469898 2.7939322133538913 -1
3.6711077610051923 13.966947893511945 -1
13.397793698961113 12.901320410989408 1
9.275778650407716 15.21978896566271 1
6.704178932730618 8.893679313008874 1
7.016014379627437 15.629199767944007 1
19.385284537927184 3.8648590022764373 -1
18.479121397367273 16.027612577254747 -1
16.1859168237589 1.8290668506509689 -1
2.5994664124474953 17.903856561317944 -1
4.303735110598382 3.431399539774298 -1
9.193216980231547 16.066495737946443 1
2.9277885422978134 6.756392531600981 -1
13.330991468367063 2.8002461022405334 -1
14.770681123184739 11.400112074927929 1
16.951390749747695 0.0894053222438207 -1
3.741473903986825 15.868837541318296 -1
8.462129403008829 4.132274542535659 1
14.10074388515089 6.484515839285918 1
6.9374048849048675 2.975402383017831 -1
14.145142275856804 8.952934479877516 1
18.467464388176616 14.162545347641554 -1
6.827565114627707 0.5160858091397635 -1
14.505742205705632 18.29017822969877 -1
16.713015377514 4.90934077584787 -1
4.88447922152746 3.4421203897135233 -1
5.8980904834607255 0.9911617923179983 -1
18.37158324484401 17.095968281914825 -1
7.690245934080469 11.944508707643905 1
2.6001134500770573 0.8611004284880996 -1
18.215468252172002 17.451620674184618 -1
2.0122361200806194 17.831335019491135 -1
4.156733910666393 2.2032322821643535 -1
2.163302123602431 12.335645935610913 -1
7.98354227895855 19.015412666777525 -1
14.725872071915965 13.929101874738265 1
11.303236073888064 12.537324774132335 1
6.072794453944265 9.904611202095746 1
17.127313045418155 13.200556856538107 -1
19.47845579979798 13.578485758496457 -1
6.04230115585154 11.173602808330267 1
15.094439870511628 18.700523300615764 -1
18.035367548731067 8.425479704336524 -1
19.034486386356658 9.10621859137468 -1
2.7503794201178255 7.172375994510334 -1
4.919204171353657 5.778131651327099 1
12.713392553210472 19.232017126471302 -1
10.593973110935416 13.098593378836949 1
12.199250810874657 1.5449577593462749 -1
6.667670584485044 5.668612426419514 1
13.270708145729316 19.707146070180617 -1
11.520789852664528 14.081912638271126 1
4.386453865777122 4.538668991438238 -1
15.212766617195166 13.996851147980113 1
0.8483210762373772 5.274429682682622 -1
5.28910252497901 7.2791328353519695 1
17.996885027975623 13.005508036611428 -1
10.898690722030507 15.594569132833966 1
19.878088226352503 1.4893178977624189 -1
15.693840841624757 19.38918972443967 -1
9.497951185209832 11.702206123750338 1
10.760533725477714 5.960401480893182 1
19.475964270280446 7.6131037518976585 -1
9.146027253654196 11.609711969712404 1
3.147206814732073 2.6251619222786426 -1
16.45520611064248 9.460061963591386 1
19.750257416628397 6.350551906715576 -1
10.775128537913295 10.072064604573306 1
11.636556041781141 7.750866480049748 1
5.738920146595641 8.483818312368063 1
12.237926509434711 10.703021006796675 1
9.896778990750175 13.908418670664657 1
10.060948457023377 6.790078387948013 1
16.34231669971834 18.44849361537781 -1
10.02671139156268 10.189804895770356 1
4.928870422639617 4.452232608860685 -1
14.143798531610496 5.196712522771363 1
1.4589669249498338 14.584264261254516 -1
18.265210765381628 1.7858983209513624 -1
10.990739328295515 7.316583554294757 1
7.577789790836311 19.655707708046528 -1
17.436353720593896 7.506737046142367 -1
1.3506852711619444 11.792599318282896 -1
3.368150828282188 13.13521326032921 -1
13.957332999749333 7.349863950256024 1
12.988146954351764 12.719355319825244 1
17.02455469970416 17.334835974443465 -1
8.789244325479775 8.358538054515062 1
2.5818831275536036 9.403068400153124 -1
4.369665366997316 15.424827205273468 -1
14.113386095797607 16.71070130140066 -1
17.38071104016978 3.6521982166581 -1
14.41929958149396 2.395940446805924 -1
18.438110482733514 7.535283808532325 -1
0.2622286325383727 19.716479932822786 -1
8.299178005087803 15.96008500287345 1
19.96992182995617 6.9543969632287395 -1
6.086209091502564 7.683569242247388 1
11.630884774766008 1.527904480230886 -1
0.608090224529263 2.8811074391818092 -1
2.7811262907970913 19.4845136418705 -1
8.263098889020828 3.9285927015297073 1
5.683548228001145 7.271964918884988 1
19.323365662819917 11.333674495314511 -1
3.0065760083767934 14.294544120393265 -1
13.59279878391019 7.3582104325317 1
1.4881424385584618 8.45003914057152 -1
5.392888030997143 6.718552661625161 1
12.196971819799236 13.483908250979368 1
5.072464550704949 5.3365846920229405 1
19.152422008227436 17.10535233640308 -1
1.1065310280083396 5.478471204678628 -1
10.544406373005483 11.019457552995295 1
13.138418049802777 10.452992553956923 1
0.04723123050920375 14.53157651887505 -1
17.123401444083342 7.5144521996628555 -1
10.685223927949153 16.671201813022087 1
10.345841671523575 10.491322695520878 1
16.688224114516753 0.23052999225370963 -1
9.680067126335503 18.171914719245883 -1
0.9128992802447589 16.926790303063267 -1
4.058579065225949 17.1781300963912 -1
19.984532025096232 0.02391236377963457 -1
0.533320512601998 1.8737643642758672 -1
12.261373668317539 12.573951886052907 1
18.440223856260182 13.40622845819681 -1
3.5949592230702354 4.744780672478361 -1
7.573238147606562 9.009052503727357 1
5.577851921788824 5.653724304788144 1
5.614519462713163 17.263680579506044 -1
7.729496478053393 9.306399592467539 1
14.798068029329041 14.602366352105989 1
1.4276565386606732 16.197366392791135 -1
6.662311473861628 1.5377447657055177 -1
18.674059394327177 17.359891204364928 -1
4.77233232609011 4.275804101599472 -1
6.060425708408916 19.223153350655274 -1
11.976816611801958 7.888855077008992 1
16.94426338717878 15.190483175081278 -1
7.318840709110486 8.880028654148004 1
8.275516910367262 18.404559875872728 -1
4.500705777845595 1.6831166062316782 -1
19.877344378235346 19.922663067344402 -1
12.971435939105973 4.990871524427732 1
2.2939159432933343 12.545802837103201 -1
4.0205958150428645 15.812759529804698 -1
10.31704842748539 8.722532108920287 1
16.959041120548694 13.196917681392899 -1
8.333751181402398 9.957930192276445 1
7.149039185576682 16.57087395216092 -1
15.143737187841221 6.366028389897429 1
7.911051010721866 6.16181499069177 1
1.161016089972855 1.8690612202215529 -1
11.452117120298123 10.094464921209983 1
16.72571676352978 3.4981388649003686 -1
19.365794799806732 10.577935831089533 -1
4.58585540994207 18.39730988840566 -1
0.8058761701161887 2.633953298948497 -1
11.646786775801539 13.99842604251631 1
16.806395158641326 4.619666364512134 -1
4.5951214794724855 4.844720137927023 -1
17.740777369499746 19.482726943153022 -1
8.410616201273744 1.6040102400785106 -1
18.05318646324763 9.932312400916196 -1
9.453020898774069 9.705408769864745 1
19.108832704716043 18.167502816788396 -1
3.428075914825728 2.958069348213843 -1
9.76216163458173 0.4803521307694725 -1
11.513337678324579 10.181223164660498 1
8.020835098451574 3.1325985510633347 -1
6.620051951093105 12.007301413920342 1
10.909430537753067 4.510335863778437 1
19.01173426369867 13.359357949598905 -1
1.4977884422031296 11.853850618649686 -1
17.62494842506571 11.359917361654603 -1
7.689594178038758 1.1837594223180314 -1
3.443673160447134 11.74582443456144 1
16.345133316174476 7.613364697869605 1
4.15436444214115 14.627731208700665 -1
11.730420821728856 0.2602272436915487 -1
4.263803626230597 13.870365384980106 1
0.5761040579884269 13.943164119153453 -1
11.475179791512124 9.813422160301437 1
10.728382383544652 12.560379998044308 1
18.321373122474224 7.766155181363676 -1
3.538129024576999 2.741525379423433 -1
6.846673895919668 7.4854491295314425 1
18.540607079969742 15.127301586189791 -1
18.279646940509874 8.409811428635372 -1
5.893228305101072 5.544609711363789 1
13.688634534832442 0.7772480887875832 -1
7.196995336082697 6.289316814057367 1
11.940779369921904 14.692765257388434 1
18.753761082499608 19.251235499776318 -1
14.889546759110374 12.348227376357855 1
7.36775345138364 11.3822146630197 1
6.925898924361881 18.553896236853628 -1
18.918413082182987 1.308283757679305 -1
3.251543191341757 18.498581140045562 -1
19.10741157138734 2.5619787952641815 -1
13.678846562039986 2.2640686688756717 -1
13.216625009853864 9.865070484886049 1
11.992024219823199 12.389044016929953 1
6.143922768617656 0.36481543350160184 -1
2.875454945455833 15.383959140691887 -1
15.871114601751534 5.970670452122036 -1
7.940121556821486 6.826420428499986 1
6.3084429419166765 10.771106890279219 1
7.634564578797054 4.631415501821072 1
4.65605888839584 10.69899382954639 1
3.3169835287848293 16.5275512063013 -1
19.105776936805018 7.518422931423205 -1
13.049046430996023 11.750125855836245 1
0.8397654481812467 17.108644281864372 -1
0.8749363652105435 8.37771764532447 -1
19.970985201017456 17.040721307627344 -1
9.781428006586557 7.970122243832383 1
13.651437976612453 2.0566623999192912 -1
3.9541026768788856 2.772000469976852 -1
11.589493783776774 14.732221400642828 1
8.293745335216558 7.975375618130172 1
0.889065434643499 7.174643678434418 -1
17.726387546714303 12.43100818499919 -1
15.367770498553138 0.3231006737324993 -1
16.76904222701757 4.296506212393045 -1
2.294706394383721 15.180039417332981 -1
10.351568178827574 8.4172113546909 1
0.530940369120878 4.530470999576652 -1
5.777830169920093 3.8697189122007503 -1
14.500262072807486 18.770162140252886 -1
10.496568266917272 1.658112018507365 -1
10.680331731750668 9.543832466229444 1
16.850820289186085 15.717994535149348 -1
17.78135423765624 4.925232264673946 -1
6.3388695148519725 16.703720958255992 -1
0.8956157066958625 13.17234154006503 -1
0.10396285750473577 10.331056864581733 -1
6.565775782872036 3.1983722512997126 -1
1.2560915773043813 8.810299154015727 -1
18.633616051334734 0.3410773508989706 -1
2.7166125026217425 3.6391359687387226 -1
17.634097937510823 14.917298539118768 -1
5.95834294340756 11.929381230976512 1
16.539977933540378 8.26384422324562 1
6.92424228322478 2.9258969443128935 -1
1.5416903633015488 7.530822452867689 -1
6.184903627120065 1.7917354493064486 -1
9.49463753892325 3.7582526913707603 1
0.6007036203545812 11.686039198707373 -1
3.5798020456166224 16.646642163988265 -1
7.192717057909217 6.2178600292959185 1
7.716010391949782 6.736098921996283 1
5.163976385317102 5.398583199019027 1
5.756973213335284 16.47216764730052 -1
12.539005364085764 17.858897203478165 -1
2.3141950908920306 7.83726089520486 -1
5.176475971954146 12.952606598107554 1
12.633147538257116 8.387049085560276 1
0.7204912089008841 9.693267036473674 -1
14.871899492022427 19.220076803860984 -1
17.76043794326634 18.261582236162404 -1
3.3968076553944537 0.9582089609594502 -1
12.95321635072847 14.181265082378996 1
12.246962129138426 15.477917606501865 1
8.89477473643256 5.397216227663709 1
9.407632876367149 6.267557540956565 1
10.119307855860903 1.0463856212257006 -1
11.020962372515191 13.298982843780088 1
12.812275007539668 1.5688980164525335 -1
12.444747165836576 11.52043455295807 1
7.727378703819767 13.39953149418802 1
0.10252354388568863 0.19127143288452997 -1
9.252204783469733 5.409592324582643 1
6.625652159804096 6.379056813809378 1
0.7845434804974794 7.9690856748556875 -1
2.3665826691682867 1.098401433843459 -1
11.599206708357013 5.563231642492346 1
4.29682561923191 4.702846543128601 -1
9.893522817384362 13.696104558184201 1
17.269252357876063 9.12405166425722 -1
17.853261870500848 9.85101408395652 -1
19.723204222272333 7.254136067547763 -1
14.807764307482834 19.299284007686733 -1
6.227949884337642 3.638202156659589 -1
16.12071722540588 17.25318040894416 -1
7.957040227581822 10.244281478887826 1
10.401662815337971 8.394824806244227 1
13.846525412131994 18.376900654489443 -1
0.6920956163725189 14.778068546996776 -1
9.792208526380971 0.901995168810561 -1
14.813479958702686 5.307805673641484 1
17.88393701258846 13.169256316003617 -1
10.125042654110999 13.484124851024621 1
11.942375101941229 0.6016700792432217 -1
8.787478494490866 12.798813714151432 1
17.927209624558717 1.7379753078311588 -1
19.89116205039006 7.256986670032832 -1
14.002365793059365 11.428159783470742 1
15.837127431094109 7.916341511920573 1
10.098606853644585 6.051356918112305 1
0.03822012998837554 12.888482251794631 -1
11.537638508980468 13.758393222104782 1
5.928834416783369 15.900693964254502 -1
17.886019763561606 8.794768753845407 -1
1.6688645965991045 5.561441110224812 -1
8.808393125027145 5.367748985605168 1
8.72560093431774 3.6614790356388727 1
17.534002561501126 9.849216267021463 -1
17.970031158060806 19.406080093011994 -1
3.072554375291723 18.343153215768538 -1
10.382160798001852 4.174648982661047 1
16.200281813095813 1.242057163252428 -1
16.331219449206976 0.21706155680343953 -1
16.94336304394179 10.781669900665943 1
2.3280128507835407 15.00236889060522 -1
0.5660496514013724 6.380776180953516 -1
7.0436045398261555 6.144164545492465 1
1.4096980763306122 12.61551728440587 -1
6.156243862063149 4.527166169725795 1
18.246555743269465 2.1663286657163017 -1
16.991799018598986 19.6282538577183 -1
18.371377202685522 15.364543156327802 -1
16.557031302848667 6.773739098541536 -1
5.316985222273825 7.9781742652069205 1
17.981235335365582 14.371463717767304 -1
4.8327477136544505 17.104250837869092 -1
1.5951001919464702 19.27050676065067 -1
2.7372768328981056 0.18132681291040953 -1
8.70859884218753 1.980793105112142 -1
12.907000875591287 10.386015707373506 1
14.966072973819323 16.25002577365401 -1
17.703891148859302 3.3981074282420964 -1
4.349788081357248 1.3299610813352492 -1
7.0155478020327156 13.56740576255265 1
19.345125510504406 3.0870119095211845 -1
5.99855800929361 16.11133054640082 -1
5.136170541947576 12.77781844135292 1
5.516250066643325 5.004453103167254 1
4.246874499219695 0.37667775995257724 -1
12.914261094583921 17.473606848760564 -1
12.148081590151374 6.795383080860285 1
16.870080673923912 11.774269087747339 -1
9.017662009600203 16.091471747011756 1
16.433222064768792 0.16018147884409473 -1
7.612506481701759 6.3814806945294755 1
18.951802171437468 3.0991915773144263 -1
19.545165459257948 8.608911462953072 -1
17.099249013707382 15.54711397915425 -1
19.00934421515281 18.718245665572503 -1
5.989936437951259 1.2971611853157694 -1
12.73757804549837 13.784662374332012 1
11.117756789585105 19.926716240009146 -1
8.8019984650807 17.957748835535263 -1
4.999627926145771 1.1953835750171926 -1
17.831115463054005 17.155895828509845 -1
12.527655227230808 15.375439666886784 1
11.389970169212164 12.196542466431053 1
3.817773094182484 2.1971157275300524 -1
11.563844712915653 6.57016143502765 1
16.413364581283364 19.436699771234746 -1
7.4274742500751305 0.6576411394716142 -1
5.860425747336773 4.579126528588153 1
16.475627608690765 7.262608023610467 -1
18.231967165668426 0.48528606377624905 -1
0.9769070479655806 9.152017880617588 -1
10.381263558924632 1.4836741452817215 -1
10.941761196903624 1.2363188075447562 -1
0.04603887307807808 2.175795007112058 -1
1.5363727472944433 15.708964723162728 -1
0.6974508965231574 11.453103923917725 -1
13.394715857355841 12.809063773121206 1
2.177800561450902 2.2363369038626613 -1
2.2708975263873654 0.7204630300484949 -1
16.722365056268583 3.572223520878619 -1
9.145745601131189 6.510480848174929 1
14.591847794560994 4.246612838165995 -1
4.8866295548431316 10.32808359316714 1
10.32330484844289 14.567700579170745 1
1.0666771923856633 9.945069316964082 -1
11.562489300911341 6.456218213060638 1
12.611371557290568 7.89362078727311 1
4.1404022604216895 8.22645667252867 1
6.305499618928998 2.599383779800475 -1
0.29513452109548144 9.559767085330657 -1
15.311707825850531 0.67066025190613 -1
11.497388682905438 17.715262924482126 -1
1.461736736631869 18.674150010120265 -1
11.628514182558582 6.8487719802878155 1
14.995894979115041 3.53858655981391 -1
0.9075419622014858 5.539771890520122 -1
12.345620846175454 18.39023768017188 -1
18.42499537930965 0.14159460918623967 -1
3.1919594668890716 4.177053048700444 -1
19.620460698331776 11.152006695933544 -1
0.17813175955039284 3.7429705309067507 -1
18.652688866893822 18.849120189151577 -1
8.955538662413465 12.768748063142187 1
11.117058955719719 9.48058629399055 1
10.71091623228737 13.327632411723329 1
5.990253187214634 4.867129731895481 1
5.036788007181263 12.459704775254146 1
16.485363416211676 10.783625581855494 1
11.363510851873242 9.32854251307656 1
19.491492384450282 3.282896329538718 -1
19.95254334497321 13.654494028228477 -1
8.431882318320596 13.184338874686636 1
12.325477734857081 16.84446605566855 -1
18.785549652914582 15.73956761697997 -1
12.87954625449819 7.529223247063676 1
4.0574731053711925 2.699352406763924 -1
7.605606161311076 16.01013663884089 1
2.1907911019422555 19.57132135500557 -1
6.361538380791361 0.8222524233897732 -1
15.047905298292969 13.935460357947193 1
15.880356305756035 5.9102890830893635 -1
5.517319684827449 9.02699059052902 1
5.9630123334919 11.247201104745137 1
9.863717826586253 9.408912249486539 1
17.566309813311594 3.6822651354116775 -1
4.864583453465185 18.008543836187908 -1
5.542183530206293 18.75266025777885 -1
17.911955700714056 17.103380963812526 -1
13.758054895941354 11.176597422464763 1
14.457547913432974 14.713420954124006 1
0.4136040891986581 19.36461600747507 -1
19.5520335307397 11.072865406739682 -1
1.895233598138657 13.167336365940816 -1
16.949282631272123 14.233658571563147 -1
18.668602999015572 4.214113708979399 -1
0.06146428684012717 11.029583556623184 -1
16.259485504974705 14.682473037090293 -1
18.660120454597063 17.082576396825086 -1
0.619718029174825 12.38078713388608 -1
5.128308814648488 16.639689435168542 -1
18.068558543821243 0.31984575045512553 -1
12.807595182848154 2.2240141737943375 -1
11.101861407581557 3.9118980020094285 1
0.040854163661545595 9.609524970668307 -1
12.261278271849301 2.8312195648024896 -1
2.214867781455092 3.394456441298981 -1
19.222672924002598 17.187199719895368 -1
9.728812205841136 19.785285838371223 -1
3.0833233113003966 9.49007093350605 1
0.9717114482344158 6.674715865044503 -1
1.9513041972090162 10.987652611317802 -1
7.524049327226166 13.654647718950423 1
13.939301360723677 16.922551410441162 -1
17.96320901637338 18.837399401635324 -1
17.935550895503148 6.124471035794161 -1
1.0182595086838586 0.34945951873257997 -1
4.80404321642705 15.544461859986956 -1
18.76743519820732 3.068372752879549 -1
7.027832256525935 3.305481657362961 -1
3.9428496883493747 7.412789784244449 1
13.30043752621004 0.17430924619617372 -1
17.30185565405668 2.8655704849284724 -1
3.5392500314341113 13.523886284724188 -1
6.631899982120899 13.654222100808171 1
3.1952638194334093 9.139903949869158 1
6.835336184720813 10.649826143475806 1
4.009684638954571 10.66388057695243 1
9.287636081880699 14.729903386876742 1
15.708973460212786 11.661634857443648 1
18.864877833413697 3.821427583534829 -1
10.034246702910313 1.232413689041043 -1
0.4677679069541596 18.630265431685597 -1
18.427054704207883 6.423873312770965 -1
3.921889758069128 0.04234183211673681 -1
5.503866614042659 13.175716663275047 1
16.298460022926918 6.239946481829501 -1
9.155588584055941 2.8578278004237445 -1
12.162806644235038 5.233183626424678 1
5.110552787410805 19.43852677313738 -1
15.478843773767776 13.911142928284253 1
7.73296524227953 2.3413121785243107 -1
17.36489050772794 16.571491578279026 -1
13.232751854617078 6.313890847114205 1
11.245761380444756 2.0366306010301716 -1
1.4727970498390475 18.944921077166516 -1
2.1974866685356353 9.760186673388816 -1
15.976330217471988 2.637777599154969 -1
2.2570995510478187 9.133257709084642 -1
11.494466939782544 1.3920321950683734 -1
8.473953549216747 5.706731205694002 1
10.699863380635053 14.50307793000023 1
14.197117833347573 11.832018050725354 1
13.298250602103469 7.393710286687392 1
3.5205142362012043 8.475663027964735 1
1.5586664333729283 19.953514383460085 -1
8.639705325997078 1.060336364042327 -1
9.958796303501305 6.991823550923096 1
10.730451653201085 2.8069043493888346 -1
2.599585438369425 4.61074213365996 -1
13.873808287379285 19.35648868267549 -1
9.437158986831463 8.065384820966601 1
11.062832509068043 18.32538980011734 -1
10.980405035158853 8.03692062223308 1
0.2040815087193959 4.560716328777666 -1
2.582813012382834 11.957035494892853 -1
9.726087519549747 1.7680190142643326 -1
17.707966246830683 4.039722355664573 -1
9.309360204075084 8.991638513151896 1
9.234472688899904 19.663593514809648 -1
10.199625441214664 10.931945254677476 1
14.664284772722533 3.0073330298735956 -1
7.615647121535165 4.777721657511787 1
8.12291575624861 9.179344038477634 1
7.953982244026028 17.148206195375884 -1
6.12983085869391 17.581269633950956 -1
16.694248101447393 14.962877751208076 -1
1.9502384278572404 5.157577615324356 -1
19.155989869612103 19.352019894976447 -1
14.278336777371795 16.119043105075846 -1
18.260193534213744 12.998023493075399 -1
17.699958867572086 6.217203878830486 -1
2.434901510809526 16.369449936745646 -1
13.729085672120094 12.183352559309528 1
14.884643394833407 8.707220592878336 1
0.6371369970744256 18.245947695801018 -1
5.83182856478248 13.28988674808391 1
3.387246753373885 7.962922500031722 1
5.216916570441903 12.010613363632665 1
7.143118213832156 6.334816883585706 1
7.3181647042229265 4.248658811098096 1
10.841562156067202 3.411986297918128 1
17.95728243554653 15.856375310917969 -1
0.6886465815297194 10.925787680361553 -1
19.622936303663792 9.979784854428459 -1
14.57974532230166 19.38371634709749 -1
2.251273382291934 4.02907012542383 -1
19.293771357884992 17.14341084346573 -1
5.807395455047979 2.5209235453556578 -1
12.41760396300223 15.611390673028414 1
5.2152717088533755 1.9200427491400696 -1
10.768054213824117 19.04691869228895 -1
10.319886626669721 0.6123008358882154 -1
10.490531337729578 1.7166961248436574 -1
2.65652911007765 8.142632928991345 -1
16.682742993128688 12.032150512566872 1
1.1255550832029626 1.6658714005474118 -1
13.514007642557171 4.098973393411203 1
6.818059846411069 9.547553354126027 1
18.19577005056991 3.512944709928092 -1
10.98545361195243 13.20682803007938 1
13.617901281066693 1.7941698368870274 -1
3.969374654469091 0.26778374025176355 -1
19.538082311197403 14.510114789855988 -1
10.325461198028279 2.1964587417336157 -1
3.3704783280370965 8.799103084006719 1
9.427537401356547 15.088157687282111 1
18.41791130773299 14.797013267480477 -1
13.666512093905247 4.247455250479812 1
3.108661951952858 8.402098027233802 -1
6.264855840169101 6.9880376014656935 1
8.697029516471346 5.194101982526118 1
19.841006760386403 1.1067123800720524 -1
4.562654365714225 15.097747253527379 -1
1.5034682860080628 18.141720807660878 -1
15.134000611932025 0.427130080130651 -1
3.495232613968833 13.680303589981929 -1
3.4168353766273585 4.798635402632234 -1
2.3469942170894353 17.967127239982418 -1
4.049104370194765 3.096719162596593 -1
10.802404309425997 11.79126166680416 1
7.20129319546966 9.581925981184416 1
6.044694213792232 16.244066601935906 -1
5.5576282510805175 1.2054935497769281 -1
9.065137391994273 8.977122565180792 1
7.931046954240976 2.8016279282968215 -1
7.546999794123255 7.563737619681499 1
6.493765667686963 11.294412149525995 1
9.967894523517138 7.7171708101498515 1
4.783790505001586 14.731629243027388 -1
19.58730709170729 7.661045951400142 -1
5.86268864739637 0.6911496195093325 -1
13.913769805909231 9.008897381216485 1
6.449531672586479 9.232465532869202 1
1.013765920364822 9.351425008314965 -1
14.817536868720527 5.389201730862583 1
7.641943257645272 12.149066403289368 1
17.59733171873624 17.015209206348057 -1
11.713054463887529 17.372803979467193 -1
15.984596658434727 14.670756759346226 -1
5.502838161244863 3.7197590484973353 -1
0.8834377942594962 13.28495771484546 -1
19.955083388461972 4.326225237087233 -1
0.0069617428678170334 16.624061499823274 -1
9.137178015021197 9.672758586936732 1
6.159645871159112 13.542012133678476 1
13.356998027643671 4.9113285211660855 1
15.120430994345465 1.1585293786118567 -1
6.395203129224443 14.421493256714111 1
17.83327329040803 12.419709233396524 -1
17.060703868703698 5.977102437430353 -1
5.210831191744454 19.55270448287782 -1
3.8740477988232414 9.125440564134408 1
2.0725699118726926 15.00937689120559 -1
0.12430983813790153 13.212392267357345 -1
1.6646675490842444 6.387530597417921 -1
19.920012374330383 10.002553051913168 -1
15.915802798995 10.804939327671637 1
8.067016337976431 15.778867284436016 1
6.552412425140028 4.729392667780705 1
11.965013532938018 13.180832373089963 1
8.111016077179222 2.61126685111827 -1
15.660538482896417 6.066714346239022 1
1.1781222734334307 10.99597559970762 -1
6.856258411335652 19.233326328283475 -1
13.695281878398383 3.0951561584954224 -1
1.3503841610157075 18.633815828840174 -1
0.9652596881607467 17.35598963656396 -1
19.050414413612724 5.039936275038121 -1
3.041710260873516 12.992927304951628 -1
0.44617407482372196 7.76813809831544 -1
16.192240150923734 3.1243495576658353 -1
14.928694032511592 6.562035149615566 1
8.792321046000078 1.3670598364768116 -1
5.532586200356045 5.57183804998224 1
3.6006309446573526 0.34537839282834826 -1
2.7645396695447655 13.851178384469822 -1
19.08631620804441 8.742075743878319 -1
12.82191466340256 14.656560485166342 1
5.321618659513899 10.372823149948989 1
17.670974634232472 10.816010766821261 -1
8.144167125237958 8.725416814494345 1
2.7502760895470657 14.063216335525457 -1
4.950451836631624 11.582258794542009 1
4.758265671493332 19.879209637810963 -1
7.262579344217865 10.712914867776394 1
10.929581032825325 6.713226664984857 1
0.446366066279722 8.877893297561315 -1
9.411831941183397 12.074831102676908 1
10.375417816561134 4.479362035263752 1
4.488308641317835 5.1860880788162556 -1
17.875444923082867 14.22976999705824 -1
8.216234408964805 7.184648463088113 1
2.981911269549915 10.03005209239372 -1
16.445747317628516 9.267398309280754 1
19.733252855907967 6.21731862467922 -1
1.1906046207749843 4.658894979010002 -1
1.5862611359725798 5.355528478523059 -1
13.404865445693728 16.048315000012998 1
18.632381399725645 17.9166413355011 -1
17.571085768970384 4.626356611208971 -1
12.848146900597065 13.40407862604502 1
16.522315727553543 19.746955914121205 -1
5.519175612690049 1.7882221947637489 -1
4.4401174191319415 1.6418841105227555 -1
16.695004962831575 10.70550837414345 1
7.383975364522639 9.117021919558567 1
4.946067581187483 10.4858680795286 1
5.063227641857246 8.880872457505633 1
14.264361270033064 7.06080820410393 1
12.23103480511808 12.162907146353215 1
6.107218269714789 8.09674042440735 1
12.885187036183577 14.949375003417787 1
7.764695170945394 9.374008625437863 1
11.041002700862999 11.894415648450789 1
7.6695452374604205 15.127128957138993 1
7.460874187343636 9.05087970155927 1
19.206424874150237 19.13546842958511 -1
9.734484246155992 19.840267104204496 -1
3.3523654017271465 4.672722925560507 -1
0.5068798264545427 19.374417287174715 -1
15.616594989621033 13.660846150128744 1
10.320170996565281 12.407223152690053 1
9.417998193998798 11.26110566558674 1
2.2162492209650586 3.967163159688931 -1
3.5646038101812683 5.840276593672895 -1
16.09472655569711 6.6591296250298555 1
6.663128113905959 13.468700179977906 1
13.962966379958976 12.906044498554689 1
1.2863655177749278 19.80456267453437 -1
5.62867524253047 4.170534680867113 -1
1.5700958917063756 5.749451946943916 -1
0.7923494325206004 15.318582725204802 -1
4.604293083336777 19.34465805073524 -1
3.40563633743604 15.986848624204725 -1
1.6095937501017543 6.672330445648829 -1
5.395603936264248 1.0599172594964834 -1
15.677359262705256 5.796786100584996 -1
2.4198954896270486 19.805282965866546 -1
16.939858731362833 18.351884404217625 -1
3.187951402694047 8.8368367791516 1
12.818068497555986 0.878818540079751 -1
14.16733507599529 13.155519923469306 1
6.592419382967445 12.642845899139727 1
3.578239874077851 9.938166586038363 1
13.743404093497446 6.990143564076519 1
10.749684023441578 13.577196934647223 1
5.470553351513576 13.48572333606995 1
4.341324428957696 6.012503887238121 1
13.055251091776157 13.10401117683673 1
12.71231239230611 13.453139538390912 1
3.735963708705643 11.86643418953365 1
11.437153674665106 5.953724713757184 1
15.634681630232667 8.251385366549805 1
5.097080146885999 10.166933116599335 1
3.8676740579804303 9.666203160068239 1
4.799390635225469 12.541698531841025 1
14.319865239179503 7.155588204973968 1
7.038539593033903 13.876624074009722 1
7.034559449973193 12.317765844987383 1
8.078806444757348 12.444164330304366 1
4.449558265007831 12.551527238656629 1
10.939833688010768 13.565549647602753 1
10.965204881568138 15.346372365371703 1
15.720027128715948 13.424396422899385 1
5.427033920514715 7.721654754884524 1
8.848396286888153 4.330004993927559 1
12.663782948532539 9.954474717135868 1
14.18816283762033 14.488880996948177 1
7.945945906074147 10.343326049818412 1
12.17354635630228 15.79195292050531 1
13.975465726271036 9.288005135220669 1
13.821021951809286 9.975959664943193 1
12.87745129088167 6.101108751391835 1
12.747416979713888 5.308825518793552 1
12.70529983915661 13.057206377638888 1
14.651064258168848 9.043184092672352 1
12.186202844514469 7.677610326867736 1
9.156825904306494 7.307244455067625 1
12.40854689022016 8.371006023677257 1
3.8608610636897223 6.847570366057205 1
12.719246897599596 15.007344878314308 1
12.547542718585788 7.627477613614683 1
10.083195716526124 5.83683082155007 1
13.853356698121143 15.214853998394158 1
8.034769983105686 8.970574859718287 1
8.6234086070357 8.699754133207303 1
15.804673522505333 8.226145250668981 1
10.125711955350285 13.948375514295083 1
7.4391862996732705 13.774535860306607 1
10.46254627074433 16.816131573207052 1
10.645009282721274 12.842591146508015 1
10.245290985065868 11.896976680097172 1
13.37383571716008 13.061436685669038 1
16.023484929789266 6.840272386689317 1
11.225615760677455 15.192502298229574 1
8.907291183909596 11.029577768065819 1
9.58041926344441 16.265293058460163 1
10.508456702200998 14.130769443435462 1
4.835975233236674 11.92901363749617 1
7.670353831352372 9.822268110685531 1
11.617404262954917 8.558454651609528 1
15.303590651435119 8.790714517296848 1
12.021631151675841 15.985317679184822 1
12.78374847544129 6.474443159191228 1
14.050584945068769 12.399028022085234 1
15.139901150874756 9.984223793865201 1
7.19789847976672 9.261073137079785 1
8.133097690653033 15.629126038058022 1
10.045918360506432 14.016681385300625 1
14.721596024747672 12.838722459967078 1
8.028592659947055 8.38649138613826 1
12.269501900201838 3.578025878370923 1
6.426612546049279 8.336758657944435 1
12.28967939399987 14.515834295919456 1
3.912533184788003 10.176729485990112 1
8.03257145910573 14.771806611515302 1
14.541293766842207 7.544189884707027 1
12.091620079991081 10.268498031028045 1
9.910977822159925 10.54839058681492 1
5.677409363664687 6.101761775296481 1
9.023955998311497 15.688866431808892 1
13.119298229989294 13.650769638864375 1
7.566091740683576 14.660136894391115 1
4.879351907560006 11.661586019473063 1
15.251133198893996 6.120290421023961 1
16.432278409237053 9.05383685685348 1
7.070709988672734 9.267141662361517 1
4.725817571220665 10.446288428020003 1
5.126059423672402 11.765378251597582 1
16.357707361503074 10.202341577271044 1
9.2237178107077 15.195236655056828 1
5.259049664566014 12.573162820718393 1
15.231108724994574 11.946246820459919 1
7.5468562859547506 7.232422020837683 1
15.512049736452386 11.909120023714628 1
11.605955879080362 8.84849913314779 1
13.015065316112944 8.958575685628755 1
5.182799172961154 6.680507862253425 1
11.919811187327554 14.701121088130265 1
8.538076146363533 10.59326959150227 1
6.986882093666555 4.227020234593535 1
7.781964109250801 10.696671328584209 1
4.037047688847732 6.426032214304101 1
8.738975584487115 12.524970032528763 1
12.99079804875225 8.76985762195859 1
5.808199894267714 6.3466206774283185 1
10.473800403980718 7.172349378867451 1
11.757258673215114 13.555205235705795 1
11.229556621369179 4.988575728022278 1
5.69225497901598 10.723694995761546 1
6.20394526212376 9.633800401125974 1
10.046898889461763 11.398256809381852 1
10.896035156180632 7.258681584979733 1
15.010488911220804 14.074553947594017 1
7.077759532324852 14.337101802853432 1
4.546126635463903 10.006486841877162 1
5.655718423032647 9.328826022042927 1
6.625814079683803 5.751327225474117 1
9.184266197631088 9.238837414044953 1
14.908506253046895 11.012580762101056 1
7.187246373874756 6.8632576729829236 1
7.368532533942654 10.343125630165378 1
4.472720854706149 6.976432962992993 1
12.499814651840218 15.060625355982204 1
8.392018292311272 13.60091942627696 1
4.3781920905046885 11.486436495785934 1
3.944038858578074 8.376795976527852 1
11.974416720080745 10.332968447389895 1
9.928017431553595 6.256141307994838 1
9.248769992912822 7.339489229029786 1
8.097780032257551 13.515235652905789 1
16.533691517386288 8.869190887338368 1
11.592504340483094 15.577817353267955 1
16.090682498062694 10.864755539332954 1
10.863226658341134 5.922349163150855 1
13.89855085795751 5.1269565516562565 1
5.122706278267146 9.24211043090068 1
4.00519120011297 10.226018435649856 1
10.169541836823798 4.076968332849025 1
7.310252563916482 13.971714263924957 1
14.279900165943234 8.490131950553103 1
11.756861704911877 11.354613323582841 1
8.159438438303164 12.675306431272517 1
8.377294035708962 16.662476565238403 1
14.840420831756598 6.7333467068966035 1
8.344088972168535 13.680892460337157 1
7.668828424389959 4.717020921806436 1
5.87806136635864 13.786854290045929 1
6.962314401809158 14.425365907552177 1
4.975200881132286 8.191084724872042 1
5.301516405610669 9.594169002885074 1
14.710956871012028 9.474782743586578 1
11.917212782180016 8.56566386959209 1
8.610035590511412 3.382995956786561 1
11.786899010693544 7.843562287829511 1
